31.6249
29.2682
29.4453
29.2269
29.3029
29.5909
29.5346
29.0922
29.5464
29.4661
29.3595
29.8995
29.6675
30.0632
29.5338
29.5842
29.5869
29.6078
29.6345
29.3496
29.212
29.6802
29.4414
29.3956
29.3866
29.5011
29.5208
29.5488
29.4402
29.4441
29.5625
29.7338
29.6856
33.5595
29.6108
29.369
29.9105
29.5811
29.4907
29.1954
29.4526
29.7394
29.678
29.5865
29.3367
29.4682
29.3634
29.5631
29.2251
29.401
29.3338
29.6872
29.6912
29.8556
29.6342
29.727
29.6338
29.7082
29.5454
29.6341
29.3081
29.8084
29.5633
29.6677
29.8297
29.602
29.587
29.5764
29.8141
29.3763
29.5967
29.4832
29.3181
29.4033
29.5397
29.5218
29.7375
29.7882
29.5513
29.3946
29.3382
29.1613
29.7598
29.7559
29.5602
29.4873
29.567
29.4571
29.349
29.3358
29.6045
29.4347
29.7799
29.6957
29.5221
29.4669
29.5595
29.7393
29.5633
29.8511
29.6608
29.4317
29.7922
29.3526
29.6316
29.5784
29.534
29.5167
29.453
29.7326
29.7754
29.8066
30.7088
