628   18
622   18
1049   29
3308   100
636   20
601   19
511   16
449   14
3206   100
577   18
507   16
589   17
576   18
767   24
641   20
897   28
572   18
507   16
827   26
960   30
569   18
572   18
450   14
833   26
927   29
3332   100
868   25
353   10
1353   40
652   20
824   24
832   26
611   19
875   26
453   14
603   18
462   14
805   24
518   16
596   18
3266   100
510   16
556   17
918   26
980   30
3269   100
449   14
648   20
1094   34
943   29
591   18
3243   100
859   26
865   26
896   28
892   28
836   26
453   14
572   18
569   18
685   20
703   22
585   18
601   18
537   16
844   26
941   28
3200   100
511   16
573   18
636   20
706   22
642   20
637   20
607   19
596   18
634   19
700   22
914   29
316   10
591   18
706   22
563   17
880   26
753   22
528   16
930   29
586   18
556   17
589   18
1133   34
852   26
680   20
532   16
495   14
1105   18
824   14
893   24
886   18
572   18
783   24
767   24
577   15
523   12
862   26
575   18
832   26
781   24
783   24
3216   100
637   20
658   20
597   18
801   25
553   17
685   20
538   16
672   20
737   22
1445   25
931   17
1000   28
1087   30
3503   100
429   12
493   14
1288   24
610   18
334   10
1208   34
320   10
837   24
772   20
879   24
911   26
492   14
733   20
3644   100
666   16
489   14
832   26
586   18
879   24
607   18
844   26
609   16
626   16
435   12
601   16
931   26
700   19
769   22
824   26
443   14
634   20
668   20
1313   40
636   18
465   14
3365   100
878   26
516   16
1276   40
576   18
642   20
775   20
989   26
910   28
1077   24
462   14
511   16
520   16
1640   40
3374   100
654   20
387   12
856   26
871   26
589   18
452   14
385   12
515   16
3183   100
568   18
698   22
3188   100
632   20
633   20
953   30
573   18
569   18
635   20
444   14
401   12
519   14
580   18
508   16
886   28
385   12
632   20
769   24
440   14
451   14
639   20
602   19
632   20
574   18
827   26
693   22
446   14
708   18
448   14
957   30
575   18
888   28
600   19
760   24
776   24
317   10
508   16
505   16
642   18
526   16
538   16
569   18
572   18
675   20
458   14
456   14
895   28
445   14
894   28
524   16
1229   34
515   16
821   26
823   26
638   20
768   20
586   18
443   14
835   26
570   18
572   18
380   12
572   18
504   16
636   20
636   20
574   18
451   14
697   22
446   14
635   20
3373   100
882   26
550   17
3319   100
948   26
475   14
849   26
952   26
585   18
3284   100
923   28
903   28
451   14
777   24
516   16
565   16
584   18
3521   100
776   24
940   29
718   20
957   29
518   16
850   26
726   22
396   12
449   14
867   26
833   26
638   20
926   29
958   30
1079   34
831   26
828   26
887   28
3199   100
445   14
509   16
828   26
513   16
830   26
837   26
840   26
829   26
573   18
764   24
579   18
826   26
697   22
510   16
826   26
636   20
646   20
865   26
1003   30
648   19
773   24
638   20
765   24
633   20
582   18
450   14
925   29
641   20
1090   34
636   20
515   16
549   16
814   24
549   16
3324   100
528   16
890   28
647   20
3219   100
636   20
762   24
827   26
890   28
572   18
895   28
656   20
620   16
1104   28
834   20
514   16
466   14
3447   100
639   19
529   16
794   24
871   26
453   14
669   20
844   26
721   20
1163   34
663   18
489   14
476   14
3443   100
987   30
519   16
756   22
620   18
885   26
750   22
695   20
656   20
599   18
709   22
864   26
988   30
773   24
319   10
892   26
903   26
618   18
672   20
1285   40
678   20
921   28
486   14
1011   28
535   16
682   20
878   26
669   18
905   26
901   26
630   20
845   26
521   16
3294   100
895   28
465   14
1105   30
593   18
938   28
898   26
623   18
905   26
518   16
855   26
3384   100
685   20
834   24
583   18
727   22
3259   100
854   26
780   24
975   29
3378   100
937   26
871   24
965   29
706   18
658   20
514   16
3344   100
795   24
904   28
648   20
919   28
3382   100
528   16
498   14
841   26
510   16
580   16
660   18
449   14
731   20
508   16
588   18
320   10
465   14
521   14
830   26
594   18
829   26
488   14
447   14
850   25
963   30
844   26
3234   100
319   10
516   16
770   24
456   14
707   22
518   16
392   12
584   18
387   12
958   29
388   12
577   18
3273   100
771   22
525   16
777   24
3349   100
737   22
594   18
1042   20
878   26
1321   40
726   22
853   26
518   16
3351   100
881   26
657   20
459   14
625   19
987   30
517   16
562   17
846   26
1033   22
777   16
657   18
3410   100
450   14
984   30
680   20
451   14
838   26
917   28
644   20
1517   40
1390   26
596   18
874   26
604   18
3407   100
634   18
3207   100
895   28
592   18
875   26
1230   22
520   16
908   28
3378   100
582   18
576   18
703   22
767   20
909   26
978   29
953   26
3283   100
548   16
535   16
935   28
623   18
864   26
480   14
583   18
455   14
767   24
525   16
1114   34
827   26
639   20
702   22
833   26
450   14
527   16
659   20
842   26
639   20
664   20
1286   40
858   26
516   16
454   14
828   26
509   16
897   28
577   18
828   26
443   14
609   19
839   26
579   18
320   10
583   18
774   24
893   26
1136   28
470   14
612   19
953   26
3685   100
860   20
3616   100
526   16
452   14
449   14
591   18
487   15
461   14
643   20
382   12
835   26
1114   34
979   30
623   18
456   14
767   24
854   26
394   12
649   20
1361   40
1001   30
596   18
618   19
317   10
900   28
512   16
925   29
578   18
642   20
638   20
638   20
353   11
705   22
892   28
3291   100
458   14
452   14
513   16
646   20
610   19
521   16
1088   34
515   16
903   28
3314   100
840   26
580   18
899   28
771   24
641   20
3246   100
639   20
515   16
579   18
837   26
3204   100
833   26
773   24
575   18
575   18
768   24
3211   100
512   16
845   26
389   12
357   11
840   26
589   18
725   22
848   26
588   18
524   16
641   20
515   16
958   30
1285   40
770   24
606   19
764   24
513   16
574   18
640   20
514   16
901   28
606   19
830   26
575   18
641   20
702   22
3210   100
837   26
449   14
605   18
516   16
448   14
450   14
450   14
512   16
929   29
841   26
831   26
716   22
833   26
3194   100
578   18
774   24
579   18
513   16
642   20
3210   100
834   26
641   20
764   24
964   30
576   18
449   14
516   16
906   28
640   20
645   20
577   18
515   16
447   14
638   20
642   20
855   26
664   20
609   19
511   16
903   28
831   26
838   26
579   18
768   24
832   26
773   24
511   16
832   26
460   14
837   26
767   24
831   26
838   26
767   24
832   26
898   28
927   29
895   28
487   15
453   14
602   18
321   10
592   18
724   22
582   18
1112   34
468   14
580   18
832   26
646   20
964   30
576   18
3201   100
640   20
1281   40
575   18
576   18
644   20
642   20
578   18
385   12
835   26
512   16
610   19
705   22
3228   100
896   28
704   22
835   26
575   18
834   26
518   16
706   22
572   18
511   16
383   12
553   17
511   16
832   26
582   18
454   14
447   14
767   24
576   18
771   24
509   16
511   16
447   14
2505   78
835   26
834   26
767   24
580   18
838   26
448   14
447   14
832   26
838   26
833   26
707   22
549   17
577   18
573   18
642   20
840   26
574   18
3220   100
3207   100
516   16
575   18
636   20
577   18
646   20
766   24
449   14
515   16
451   14
770   24
765   24
448   14
967   30
639   20
517   16
585   18
464   14
653   20
384   12
730   22
790   24
809   25
654   20
774   24
834   26
1279   40
446   14
515   16
383   12
577   18
1092   34
577   18
385   12
573   18
576   18
557   17
647   20
844   26
786   24
704   22
703   22
848   26
976   29
3208   100
513   16
845   26
575   18
642   20
382   12
583   18
1090   34
767   24
835   26
581   18
574   18
609   19
582   18
835   26
447   14
642   20
513   16
709   22
1277   40
902   28
510   16
641   20
767   24
651   20
3211   100
766   24
838   26
511   16
384   12
1099   34
646   20
639   20
639   20
3207   100
584   18
512   16
383   12
574   18
515   16
453   14
574   18
1089   34
902   28
511   16
1086   34
585   18
578   18
702   22
447   14
615   19
641   20
385   12
636   20
705   22
613   19
641   20
894   28
586   18
518   16
846   26
850   26
465   14
806   24
857   26
563   17
656   20
576   18
835   26
645   20
705   22
446   14
520   16
710   22
581   18
768   24
580   18
584   18
577   18
832   26
581   18
647   20
577   18
637   20
960   30
516   16
447   14
638   20
448   14
906   28
895   28
635   20
964   30
829   26
961   30
1283   40
511   16
829   26
519   16
771   24
893   28
581   18
578   18
1275   40
579   18
905   28
448   14
448   14
970   30
574   18
831   26
702   22
3222   100
576   18
3205   100
451   14
1093   34
576   18
384   12
641   20
516   16
507   16
958   30
3217   100
833   26
705   22
613   19
835   26
638   20
639   20
453   14
579   18
830   26
701   22
454   14
581   18
573   18
832   26
450   14
833   26
575   18
838   26
837   26
636   20
455   14
391   12
531   16
525   16
587   18
591   18
598   18
1312   40
453   14
638   20
836   26
830   26
446   14
319   10
517   16
832   26
829   26
577   18
354   11
832   26
574   18
907   28
3203   100
833   26
641   20
839   26
638   20
509   16
839   26
514   16
575   18
639   20
936   29
577   18
1087   34
349   11
647   20
638   20
829   26
323   10
418   13
835   26
925   29
577   18
515   16
576   18
583   18
3218   100
838   26
510   16
511   16
579   18
647   20
799   25
447   14
962   30
642   20
767   24
577   18
452   14
641   20
830   26
638   20
517   16
704   22
514   16
834   26
774   24
508   16
829   26
610   19
519   16
389   12
3203   100
511   16
771   24
3204   100
640   20
831   26
651   20
903   28
3212   100
775   24
653   20
580   18
1310   40
3249   100
573   18
516   16
577   18
510   16
638   20
830   26
641   20
638   20
638   20
582   18
1280   40
705   22
3218   100
763   24
829   26
963   30
773   24
768   24
905   28
832   26
3209   100
514   16
964   30
639   20
447   14
518   16
709   22
833   26
834   26
1093   34
639   20
382   12
448   14
645   20
510   16
894   28
649   20
578   18
1277   40
832   26
609   19
382   12
893   28
1292   40
828   26
897   28
579   18
446   14
1284   40
714   22
1281   40
642   20
706   22
545   17
3207   100
642   20
642   20
511   16
520   16
804   25
768   24
702   22
642   20
547   17
575   18
511   16
639   20
3216   100
1086   34
866   26
3334   100
647   20
643   20
838   26
831   26
511   16
894   28
453   14
892   28
511   16
512   16
778   24
829   26
576   18
641   20
833   26
511   16
639   20
584   18
513   16
1279   40
576   18
579   18
447   14
526   16
351   11
448   14
933   29
637   20
444   14
3201   100
834   26
574   18
574   18
710   22
833   26
775   24
645   20
647   20
450   14
766   24
515   16
836   26
573   18
512   16
775   24
642   20
509   16
702   22
3208   100
829   26
892   28
3217   100
515   16
513   16
509   16
319   10
902   28
832   26
454   14
837   26
520   16
3199   100
639   20
643   20
3201   100
478   15
830   26
649   20
648   20
452   14
448   14
833   26
644   20
319   10
830   26
582   18
585   18
857   26
466   14
857   26
558   17
646   20
734   22
588   18
807   25
575   18
638   20
517   16
1278   40
448   14
3217   100
3227   100
608   19
832   26
582   18
768   24
3212   100
511   16
837   26
766   24
830   26
710   22
543   17
766   24
770   24
705   22
828   26
703   22
3214   100
322   10
3214   100
961   30
515   16
641   20
894   28
521   16
831   26
927   29
517   16
835   26
516   16
585   18
582   18
902   28
831   26
1286   40
576   18
317   10
444   14
836   26
387   12
637   20
831   26
512   16
833   26
574   18
578   18
1288   40
587   18
1090   34
451   14
514   16
639   20
933   29
708   22
574   18
830   26
3218   100
576   18
447   14
980   30
1124   34
397   12
944   29
533   16
664   20
3218   100
638   20
523   16
509   16
578   18
832   26
837   26
926   29
833   26
907   28
640   20
607   19
446   14
581   18
509   16
511   16
449   14
3215   100
446   14
638   20
826   26
841   26
1275   40
606   19
642   20
518   16
542   17
702   22
839   26
637   20
638   20
639   20
768   24
446   14
446   14
604   19
394   12
574   18
828   26
639   20
646   20
800   25
832   26
649   20
955   30
573   18
574   18
452   14
573   18
3206   100
835   26
707   22
512   16
3206   100
641   20
549   17
1277   40
836   26
579   18
638   20
573   18
963   30
448   14
447   14
829   26
903   28
576   18
576   18
832   26
581   18
639   20
574   18
3207   100
985   30
657   20
581   18
666   20
847   26
452   14
645   20
841   26
638   20
767   24
840   26
640   20
831   26
838   26
928   29
599   18
716   22
589   18
320   10
447   14
954   30
968   30
640   20
513   16
1295   40
449   14
638   20
383   12
644   20
704   22
573   18
573   18
775   24
1084   34
320   10
573   18
518   16
509   16
571   18
703   22
3228   100
576   18
621   19
513   16
906   28
638   20
764   24
836   26
829   26
511   16
637   20
587   18
830   26
3193   100
572   18
520   16
573   18
1275   40
452   14
512   16
636   20
607   19
449   14
844   26
926   29
448   14
581   18
636   20
3240   100
836   26
836   26
1086   34
640   20
643   20
771   24
3212   100
589   18
638   20
641   20
511   16
450   14
643   20
574   18
589   18
1339   40
649   20
662   20
855   26
2519   78
829   26
575   18
831   26
769   24
448   14
509   16
838   26
511   16
829   26
576   18
581   18
642   20
510   16
510   16
322   10
581   18
705   22
893   28
573   18
838   26
830   26
579   18
774   24
924   29
768   24
511   16
450   14
840   26
638   20
841   26
575   18
768   24
511   16
649   20
3206   100
576   18
3205   100
839   26
448   14
450   14
638   20
1285   40
446   14
448   14
445   14
844   26
896   28
445   14
3210   100
319   10
507   16
510   16
894   28
772   24
638   20
767   24
649   20
575   18
702   22
829   26
644   20
588   18
701   22
772   24
579   18
318   10
639   20
701   22
583   18
639   20
3214   100
770   24
450   14
3239   100
667   20
589   18
650   20
389   12
457   14
3218   100
645   20
828   26
638   20
608   19
646   20
830   26
641   20
416   13
644   20
383   12
583   18
3214   100
774   24
3222   100
766   24
774   24
635   20
707   22
637   20
519   16
449   14
703   22
766   24
3209   100
641   20
3193   100
769   24
517   16
637   20
1275   40
644   20
636   20
636   20
447   14
779   24
510   16
511   16
450   14
774   24
639   20
385   12
764   24
715   22
834   26
831   26
838   26
584   18
578   18
449   14
907   28
650   20
449   14
577   18
902   28
575   18
510   16
637   20
842   26
640   20
895   28
580   18
3213   100
575   18
512   16
512   16
617   19
832   26
639   20
581   18
517   16
848   26
854   26
597   18
527   16
650   20
789   24
730   22
392   12
3196   100
765   24
586   18
828   26
447   14
3210   100
646   20
576   18
828   26
383   12
642   20
636   20
577   18
446   14
645   20
319   10
828   26
319   10
510   16
516   16
1085   34
636   20
974   30
3199   100
606   19
352   11
839   26
893   28
638   20
517   16
384   12
766   24
3203   100
835   26
573   18
512   16
700   22
714   22
893   28
702   22
640   20
840   26
768   24
833   26
964   30
832   26
574   18
390   12
638   20
830   26
3203   100
803   25
608   19
766   24
385   12
485   15
765   24
830   26
899   28
514   16
351   11
3194   100
836   26
828   26
830   26
382   12
906   28
448   14
511   16
578   18
533   16
838   26
3294   100
3226   100
576   18
829   26
578   18
647   20
637   20
831   26
835   26
452   14
513   16
511   16
509   16
838   26
703   22
3209   100
642   20
642   20
447   14
636   20
641   20
1092   34
3197   100
639   20
836   26
511   16
642   20
1098   34
516   16
638   20
573   18
582   18
574   18
830   26
768   24
712   22
838   26
702   22
3218   100
925   29
3202   100
643   20
577   18
320   10
925   29
711   22
3217   100
544   17
703   22
3213   100
899   28
830   26
646   20
352   11
511   16
640   20
771   24
769   24
513   16
384   12
574   18
523   16
512   16
638   20
837   26
581   18
1114   34
528   16
3292   100
1285   40
575   18
840   26
3195   100
828   26
385   12
1290   40
576   18
639   20
3212   100
3201   100
637   20
522   16
970   30
319   10
638   20
3204   100
454   14
384   12
514   16
639   20
644   20
582   18
639   20
3200   100
614   19
606   19
449   14
637   20
577   18
837   26
543   17
639   20
582   18
828   26
931   29
837   26
450   14
832   26
510   16
516   16
3208   100
765   24
383   12
512   16
3210   100
511   16
574   18
639   20
387   12
830   26
509   16
573   18
839   26
573   18
448   14
572   18
646   20
518   16
639   20
605   19
652   20
450   14
575   18
766   24
3220   100
667   20
977   30
786   24
3266   100
766   24
385   12
768   24
448   14
511   16
511   16
446   14
3200   100
449   14
702   22
448   14
768   24
358   11
766   24
926   29
833   26
895   28
573   18
840   26
510   16
834   26
449   14
580   18
774   24
3199   100
835   26
896   28
3203   100
963   30
1281   40
892   28
391   12
707   22
639   20
832   26
515   16
448   14
768   24
512   16
615   19
577   18
704   22
543   17
3214   100
708   22
766   24
835   26
1088   34
638   20
1289   40
637   20
832   26
778   24
3216   100
513   16
896   28
770   24
447   14
830   26
1097   34
640   20
830   26
518   16
830   26
575   18
578   18
1289   40
595   18
854   26
988   30
589   18
582   18
463   14
800   24
639   20
512   16
774   24
352   11
895   28
451   14
606   19
901   28
926   29
384   12
835   26
510   16
1085   34
513   16
386   12
512   16
957   30
773   24
583   18
828   26
512   16
448   14
3199   100
573   18
644   20
511   16
584   18
639   20
636   20
840   26
705   22
609   19
704   22
778   24
638   20
576   18
3195   100
708   22
1281   40
641   20
641   20
897   28
798   25
582   18
831   26
704   22
580   18
3206   100
638   20
896   28
846   26
638   20
452   14
769   24
839   26
575   18
832   26
836   26
832   26
511   16
321   10
517   16
965   30
576   18
641   20
966   30
3204   100
541   17
774   24
893   28
511   16
640   20
615   19
767   24
578   18
597   18
523   16
849   26
793   24
455   14
465   14
517   16
454   14
509   16
771   24
513   16
638   20
639   20
579   18
834   26
1279   40
905   28
608   19
703   22
389   12
718   22
514   16
672   20
510   16
517   16
508   16
447   14
318   10
834   26
526   16
765   24
605   19
578   18
772   24
764   24
573   18
939   29
577   18
446   14
383   12
3203   100
459   14
3201   100
451   14
512   16
836   26
577   18
