186   20
243   28
149   18
166   18
166   19
116   14
220   24
240   22
171   20
266   26
200   18
142   14
195   18
128   14
152   18
139   17
128   16
147   18
209   26
116   14
149   18
90   11
193   24
132   16
145   18
162   20
162   20
166   20
124   15
155   19
146   17
133   16
118   14
135   16
204   24
216   26
232   26
252   26
290   34
120   14
155   18
179   16
247   26
239   26
222   26
190   20
158   18
145   18
213   26
127   16
208   26
165   20
828   100
229   26
244   26
359   40
145   18
160   18
222   26
245   26
861   100
145   18
167   20
128   16
160   20
211   26
145   18
112   14
186   22
128   16
145   18
227   26
166   18
251   24
229   24
176   20
140   14
141   14
173   18
225   26
138   14
155   18
194   20
944   100
131   16
194   24
130   16
174   20
166   18
209   26
225   28
163   20
197   24
144   18
237   29
161   20
159   18
195   24
196   24
229   28
146   18
97   12
163   20
249   26
325   40
872   100
215   24
860   100
217   22
138   14
899   100
141   16
175   20
167   18
120   14
286   28
214   18
169   18
202   24
171   20
172   20
219   26
173   20
229   26
120   14
183   19
114   14
229   26
123   14
224   26
150   18
177   20
87   10
211   26
154   19
185   22
192   24
144   18
223   26
191   18
209   26
209   26
164   20
237   26
166   16
227   26
850   100
232   24
200   22
248   28
249   30
851   100
132   16
148   18
220   26
146   18
237   28
105   13
132   16
337   40
163   20
216   26
130   16
148   18
132   16
146   18
211   26
197   24
351   40
168   20
159   20
171   20
185   20
114   14
236   29
229   26
126   14
111   14
145   18
89   11
182   22
211   26
215   20
925   100
145   14
859   100
155   18
151   16
219   24
152   18
153   18
144   17
838   100
163   18
226   26
150   16
256   28
213   24
297   34
194   24
122   14
193   18
163   20
146   18
147   18
196   24
201   24
834   100
232   28
177   18
185   20
158   19
164   20
145   18
196   24
829   100
216   26
877   100
168   20
119   14
132   16
82   10
137   16
227   26
287   34
217   26
200   24
166   20
286   34
243   29
146   17
232   28
168   20
218   26
147   18
99   12
242   29
167   20
181   22
220   26
139   14
182   14
140   16
146   14
193   22
238   26
117   14
224   26
250   29
180   20
163   18
219   18
696   78
185   18
177   20
264   30
185   20
204   18
130   12
327   18
455   24
147   14
142   16
174   14
155   18
147   16
295   34
180   22
177   20
849   100
115   14
157   19
169   20
116   14
165   20
130   16
218   26
151   18
154   18
85   10
155   19
112   13
822   100
165   20
876   100
134   14
131   16
839   100
166   20
155   18
325   24
222   26
182   20
101   12
201   24
246   28
231   26
159   16
417   26
294   20
257   26
205   20
233   16
198   18
127   14
214   20
150   14
287   26
374   34
354   40
147   18
249   26
252   24
143   16
180   18
947   100
189   20
206   25
146   18
366   24
197   16
179   16
180   18
161   14
204   19
214   26
132   16
132   16
211   25
215   24
117   14
999   100
150   16
1007   100
201   16
166   20
98   12
145   16
171   20
161   18
156   18
172   18
155   18
209   20
167   18
107   12
321   34
192   20
81   10
903   100
250   29
173   20
229   26
160   16
119   14
226   26
137   14
840   100
201   22
241   28
178   22
850   100
142   16
182   20
174   18
331   40
81   10
179   22
166   20
115   14
184   20
223   26
123   14
215   26
819   100
221   26
236   28
359   40
895   100
259   28
152   16
167   20
183   22
334   40
239   28
168   16
121   14
236   22
150   16
264   29
88   10
231   26
84   10
159   18
211   24
234   28
218   16
148   18
257   30
215   26
157   18
225   26
247   30
148   18
172   20
292   34
217   26
165   20
190   18
237   26
147   18
148   18
215   26
228   26
312   16
237   20
246   22
194   16
174   19
99   12
897   100
120   13
126   14
362   40
156   18
199   24
327   40
146   18
235   29
169   20
181   22
181   22
231   28
163   20
139   16
146   18
209   25
131   16
259   26
169   18
147   18
166   19
187   22
168   20
226   26
352   40
215   24
113   12
168   20
228   26
103   12
162   18
126   14
156   18
214   26
129   16
846   100
134   16
865   100
119   14
136   16
155   18
160   19
149   18
217   24
332   19
1477   100
177   18
289   26
256   26
141   16
224   20
285   34
156   19
183   22
130   16
165   20
290   18
272   20
154   14
192   18
253   24
427   40
151   18
181   22
218   26
208   22
87   10
173   18
938   100
263   28
255   24
171   19
250   28
226   24
221   20
118   12
153   14
239   26
225   24
195   24
134   16
251   28
227   26
135   16
204   22
153   18
161   20
177   18
164   19
120   14
256   26
217   24
260   24
187   19
210   24
900   100
143   16
195   22
196   20
223   26
316   26
1054   100
226   26
230   16
157   18
266   26
227   24
171   20
879   100
331   34
186   16
161   14
181   18
212   26
221   20
133   14
202   20
195   22
266   22
201   18
159   18
146   16
170   18
157   18
192   24
220   26
174   20
883   100
289   34
187   22
280   34
240   30
133   16
195   24
115   14
148   18
277   34
164   20
195   24
133   16
341   40
231   26
296   26
135   14
227   24
231   26
912   100
163   18
95   10
90   10
215   26
242   28
241   28
182   20
131   16
131   16
149   18
159   19
163   20
163   20
837   100
151   18
215   26
232   26
973   100
162   18
906   100
382   40
138   16
164   19
193   22
201   20
185   22
207   24
246   28
229   26
241   26
317   34
158   18
228   26
170   20
224   26
208   24
225   26
959   100
102   11
195   18
231   22
150   14
232   22
309   29
305   26
287   28
257   24
185   20
279   24
247   20
219   24
150   18
355   40
162   19
184   18
209   20
140   16
165   20
173   20
153   16
886   100
256   28
146   16
224   26
108   12
119   14
172   20
151   18
151   18
140   16
844   100
130   16
154   18
258   28
195   16
216   22
202   22
243   28
256   26
160   18
81   10
176   22
137   16
114   14
158   19
114   14
173   20
117   14
241   26
212   26
194   24
80   10
117   14
247   26
94   10
192   20
334   40
164   20
96   12
82   10
100   12
214   26
154   18
246   26
146   14
287   30
163   20
211   26
119   14
148   18
121   14
176   18
173   20
133   16
122   14
155   18
180   22
165   20
111   12
225   26
649   78
112   13
166   20
113   14
831   100
218   26
147   18
114   14
201   24
213   26
151   18
142   16
212   26
202   24
143   16
146   18
131   16
196   24
822   100
119   14
161   19
192   22
102   12
118   14
146   18
843   100
100   12
170   20
845   100
229   28
164   18
245   30
872   100
88   10
130   16
146   18
149   18
216   26
87   10
176   20
142   16
826   100
101   12
203   24
147   18
140   16
130   16
160   19
155   19
146   18
148   18
130   16
166   20
824   100
218   26
212   26
136   16
201   24
100   12
152   18
165   20
211   26
151   18
217   26
153   18
176   20
166   20
132   16
145   18
131   16
138   16
147   18
223   26
168   20
156   19
119   14
242   28
130   16
150   18
97   11
160   19
156   19
131   16
165   20
216   26
154   17
340   40
205   24
198   24
187   22
158   18
166   20
182   20
162   20
146   18
251   30
198   18
115   12
204   22
162   18
220   26
164   18
171   18
134   16
206   24
115   14
165   19
199   24
178   22
248   28
221   26
355   26
186   20
277   22
137   16
150   18
174   20
186   18
132   16
130   14
174   20
224   24
190   20
135   16
208   24
118   14
146   16
166   20
187   20
176   20
264   29
151   18
899   100
148   18
148   18
153   19
325   40
154   18
188   22
268   30
218   26
130   16
188   22
180   20
129   16
213   26
122   15
150   18
229   28
847   100
633   78
154   19
208   25
194   24
84   10
115   14
114   14
120   14
212   26
224   26
143   16
229   26
342   40
137   16
145   18
102   12
222   26
246   30
233   28
88   10
859   100
231   28
169   20
163   20
210   26
212   26
155   19
147   18
217   26
144   18
162   20
99   12
145   18
148   18
140   16
199   24
203   24
875   100
234   26
130   16
162   20
189   20
229   24
202   24
832   100
211   26
198   24
194   24
198   24
114   14
129   16
116   14
813   100
147   18
214   26
113   14
212   26
169   20
327   40
165   20
822   100
134   16
150   18
240   28
86   10
101   12
113   14
204   24
213   26
169   20
814   100
195   24
129   16
332   40
116   14
84   10
165   20
129   16
114   14
114   14
97   12
282   34
212   26
212   26
148   18
118   14
149   18
135   16
145   18
146   18
146   18
96   11
120   14
201   24
99   12
163   20
182   22
226   28
150   18
209   26
236   29
225   26
128   16
155   18
231   28
223   26
186   22
89   11
129   16
162   20
171   20
236   28
181   22
247   26
251   26
239   24
254   28
157   16
237   26
215   26
873   100
287   34
231   28
166   19
251   22
269   28
140   13
162   18
241   26
150   18
100   12
134   14
163   20
146   18
147   18
199   24
149   18
195   22
132   16
117   14
156   19
118   14
163   20
215   26
164   20
331   40
146   18
148   18
146   18
148   18
278   34
132   16
167   20
835   100
147   18
131   16
99   12
99   12
165   20
216   26
115   14
180   22
229   28
117   14
215   26
331   40
132   16
182   22
211   26
134   16
811   100
147   18
323   40
114   14
183   22
113   14
211   26
168   20
210   26
149   18
163   20
217   26
164   20
122   15
146   18
226   28
162   20
147   18
247   30
214   26
168   20
217   26
148   18
244   30
196   24
164   20
130   16
198   24
287   34
164   20
147   18
252   30
148   18
169   18
265   20
238   28
170   20
212   26
216   26
99   12
132   16
232   26
171   16
130   14
213   26
218   26
252   28
221   26
887   100
131   16
134   16
164   20
655   78
115   14
213   26
287   26
174   20
230   24
226   26
113   14
820   100
163   20
215   26
224   26
134   16
135   16
243   30
164   20
115   14
131   16
165   20
154   18
288   28
867   100
284   26
234   28
153   18
115   14
191   20
382   40
118   14
121   14
333   40
132   16
186   20
221   20
120   14
153   18
914   100
231   28
159   18
117   14
158   19
128   14
135   16
207   24
187   22
153   18
264   26
399   28
187   20
846   100
253   30
194   18
882   100
119   14
150   18
134   16
85   10
161   18
216   26
116   14
174   18
256   24
216   26
107   12
205   24
118   14
99   12
216   26
179   20
254   24
152   18
182   19
115   14
124   14
91   10
111   12
226   26
219   26
175   18
172   18
181   18
193   22
133   16
154   18
131   16
249   30
155   19
183   22
861   100
111   12
125   14
165   20
167   18
275   26
232   24
213   24
256   28
222   26
240   26
136   16
230   26
170   20
149   18
159   18
125   14
249   30
242   29
149   18
163   20
224   18
177   19
165   20
198   20
234   26
165   18
156   18
133   16
1018   100
234   28
171   18
169   20
226   26
149   18
190   22
96   11
904   100
167   20
152   14
136   16
168   19
167   20
148   18
244   26
310   30
157   12
105   11
151   18
234   26
270   28
177   20
123   14
117   12
154   18
133   14
141   16
267   30
83   10
200   20
251   20
194   16
204   16
174   20
337   40
114   14
239   29
113   14
164   18
148   18
199   24
126   14
156   19
162   19
144   17
168   20
222   26
161   17
145   14
167   20
222   26
900   100
162   20
220   26
132   16
165   20
333   40
153   18
235   28
113   14
215   26
820   100
215   26
202   24
279   34
116   14
146   18
92   11
208   25
146   18
139   17
132   16
117   14
115   14
218   26
148   18
196   24
216   26
244   28
134   16
157   18
229   26
163   20
226   26
181   14
211   18
250   26
132   16
147   18
202   24
83   10
151   18
207   24
167   18
278   29
851   100
89   10
142   17
121   14
333   40
138   16
108   12
175   20
214   26
215   26
200   22
182   20
115   14
241   26
112   12
149   16
144   17
156   15
851   100
200   24
169   20
181   22
172   20
149   18
216   26
109   10
140   16
82   10
136   16
240   28
146   16
82   10
857   100
278   34
137   16
82   10
235   28
169   20
148   18
82   10
818   100
114   14
169   20
129   16
132   16
130   16
100   12
118   14
150   18
130   16
878   100
148   18
152   18
316   26
327   28
266   26
191   20
157   16
221   26
227   26
306   34
241   28
224   26
98   12
218   26
875   100
217   26
173   20
240   25
204   24
213   26
135   14
242   28
236   18
193   18
134   16
118   14
185   22
201   24
141   16
213   26
166   20
139   16
977   100
356   40
203   24
138   16
213   24
282   20
120   14
150   18
286   28
167   20
134   16
152   18
122   14
233   26
155   18
175   20
158   18
160   18
127   14
150   16
186   22
116   14
185   22
155   18
216   24
159   18
120   14
122   14
282   26
188   22
168   20
222   26
215   26
224   26
183   22
839   100
865   100
179   20
158   18
227   26
159   18
134   16
118   14
158   18
140   16
170   20
110   13
152   18
119   14
154   18
137   16
209   24
120   14
157   18
154   18
132   16
139   16
216   26
217   26
208   24
214   24
171   20
875   100
947   100
158   16
180   20
237   24
172   20
153   18
175   20
177   20
158   18
212   26
147   18
155   18
210   24
255   30
120   14
235   26
229   26
171   20
163   20
214   26
207   14
119   12
214   26
134   16
231   26
220   24
120   14
219   26
224   26
170   20
246   28
342   40
126   15
159   18
152   16
231   24
345   28
112   12
145   16
143   16
231   26
166   20
220   26
214   26
151   18
166   18
152   18
113   14
227   28
116   14
148   18
164   20
137   16
150   18
154   19
131   16
212   26
240   29
121   14
167   20
188   22
169   20
163   20
115   14
199   24
183   20
153   18
149   17
840   100
157   19
825   100
166   20
98   12
165   20
202   24
153   18
134   16
156   19
148   18
230   28
147   18
145   18
115   14
165   20
163   20
196   24
83   10
214   26
148   18
281   34
231   28
181   22
146   18
211   26
146   18
130   16
98   12
175   20
839   100
155   18
167   20
156   18
170   20
117   14
326   40
167   20
146   18
148   18
169   20
186   20
246   28
148   17
148   18
155   18
144   16
213   24
179   19
223   26
174   20
153   18
162   18
361   40
144   17
179   20
266   28
1011   100
219   26
154   18
165   20
916   100
235   24
258   22
107   10
170   18
262   30
240   28
224   26
137   16
153   18
210   24
263   30
132   16
209   24
133   16
135   16
124   14
148   16
157   17
218   26
119   14
142   16
184   22
165   20
206   24
147   18
130   16
99   12
170   20
162   20
199   24
140   17
159   18
160   18
210   25
132   16
162   20
134   16
227   18
199   18
142   16
117   14
150   18
177   18
175   14
165   20
164   20
120   14
237   28
120   14
207   24
230   26
97   12
100   12
233   28
283   34
135   16
116   14
331   40
829   100
132   16
147   18
215   26
181   22
117   14
137   16
218   26
116   14
335   40
230   26
170   20
155   18
234   26
130   16
148   18
213   26
287   30
180   22
215   26
250   29
227   26
152   18
857   100
206   24
161   20
212   26
215   24
839   100
230   26
98   12
178   20
346   40
179   20
133   16
148   18
148   18
166   20
116   14
148   18
113   14
227   26
200   24
219   26
148   18
175   20
114   14
329   40
168   20
246   30
230   28
147   18
99   12
214   26
135   16
131   16
203   24
87   10
256   30
196   24
178   20
246   26
214   26
131   16
817   100
165   20
147   18
181   22
145   16
122   14
170   20
181   22
132   16
177   20
218   26
342   40
167   20
110   12
845   100
198   24
147   18
152   18
120   14
136   16
184   22
214   26
114   14
281   34
124   14
165   20
132   16
157   19
182   22
216   26
170   20
202   24
148   18
157   18
234   28
142   17
233   28
81   10
242   29
146   18
150   18
823   100
135   16
109   12
334   40
197   22
228   28
195   24
148   18
213   26
162   20
230   28
162   18
166   20
153   16
151   18
231   28
258   30
224   26
174   20
221   26
165   19
309   34
173   20
217   26
222   26
150   18
167   20
363   40
857   100
203   24
182   15
165   20
175   20
231   18
182   19
167   16
210   16
217   26
217   26
205   24
256   30
198   24
132   16
117   14
158   19
117   14
236   28
153   18
215   26
217   26
242   29
297   34
286   34
165   20
170   19
179   16
226   20
232   26
196   24
133   16
228   28
98   12
829   100
212   26
211   26
129   16
97   12
164   20
214   26
145   18
220   26
135   16
155   18
246   28
304   34
213   26
130   16
165   20
214   26
192   22
138   16
222   26
236   29
170   20
114   14
169   18
214   26
161   18
121   14
138   16
155   18
132   16
210   26
269   30
816   100
80   10
146   16
258   28
190   22
168   20
138   17
225   26
249   30
152   18
212   26
213   26
147   18
163   20
115   14
150   18
98   12
219   26
165   20
138   16
157   19
228   28
213   26
214   26
83   10
206   25
248   30
167   20
286   34
232   28
198   24
180   22
116   14
213   26
122   15
146   18
232   28
181   22
129   16
116   14
247   30
163   20
131   16
178   22
131   16
197   24
832   100
232   28
145   18
214   26
130   16
147   18
98   12
210   26
211   26
84   10
148   17
176   20
147   18
162   19
141   17
131   16
81   10
163   20
163   20
199   24
155   19
212   26
131   16
196   24
98   12
163   20
163   20
169   20
116   14
93   11
130   16
115   14
149   18
97   12
165   20
149   18
164   20
212   26
149   18
179   22
211   26
132   16
217   26
218   26
100   12
216   26
818   100
227   28
213   26
149   18
828   100
149   18
264   30
211   26
98   12
215   26
118   14
182   22
132   16
221   19
421   40
248   28
250   30
114   13
233   28
735   78
151   18
168   20
235   20
214   26
270   26
131   16
214   26
169   20
827   100
146   18
211   26
204   24
245   30
235   24
282   26
223   22
214   22
227   26
118   14
157   18
105   12
287   22
143   14
108   12
188   20
256   28
177   18
989   100
848   100
171   20
215   26
215   26
142   16
204   24
150   18
356   40
150   17
257   30
138   16
253   30
238   28
169   20
195   22
155   16
208   20
206   20
111   12
182   20
186   22
156   18
155   18
248   26
158   18
134   16
151   18
137   16
253   26
158   18
155   18
110   11
260   30
214   20
185   18
152   16
174   19
160   18
150   16
226   26
160   18
165   18
170   18
98   11
187   20
344   40
143   14
169   20
276   24
240   28
123   14
237   26
151   18
220   24
