486   20
2459   100
714   29
482   20
435   18
627   26
680   28
389   16
387   16
437   18
483   20
649   26
713   29
840   34
440   18
345   14
609   25
446   18
596   24
446   18
638   26
456   18
2445   100
439   18
534   22
580   24
441   18
350   14
396   16
586   24
630   26
339   14
686   28
438   18
437   18
340   14
537   22
490   20
981   40
489   20
636   26
395   16
357   14
362   14
720   28
550   22
593   24
441   18
453   18
508   20
578   24
681   28
482   20
625   26
2424   100
341   14
627   26
2494   100
694   28
993   40
636   26
649   26
466   19
401   16
482   20
530   22
586   24
486   20
384   16
438   18
485   20
393   16
640   26
496   20
495   20
585   24
596   24
346   14
430   17
544   22
386   14
536   20
859   34
309   13
446   18
628   26
622   24
344   14
490   18
802   30
1008   28
716   24
3074   100
1074   26
465   14
710   24
906   28
601   22
465   18
361   14
669   22
887   34
570   22
268   11
445   16
2565   100
457   19
731   30
485   20
580   24
436   18
433   18
585   24
683   28
436   18
2433   100
633   26
534   22
473   19
437   18
394   16
415   17
679   28
416   17
733   30
483   20
489   20
339   14
636   26
707   29
587   24
633   26
446   18
296   12
342   14
708   29
516   20
706   28
340   14
484   20
631   26
495   20
466   18
588   24
340   14
639   26
637   26
636   26
489   20
487   20
438   18
486   20
346   14
341   14
445   18
317   13
290   12
729   30
546   22
393   16
583   24
634   26
534   20
637   26
389   16
534   22
292   12
1015   34
684   24
511   14
486   18
496   20
451   18
456   18
717   29
577   20
689   26
508   18
527   20
420   16
646   24
484   18
481   18
406   16
744   28
642   24
652   24
706   26
563   20
405   14
459   18
427   16
355   14
758   28
645   24
496   18
658   26
689   26
450   18
399   16
625   24
341   12
532   22
674   26
423   16
545   20
656   24
750   28
532   18
442   18
574   20
398   16
472   18
2576   100
442   18
392   16
448   18
354   12
489   20
343   14
455   18
423   14
360   14
688   28
476   18
760   26
619   20
692   26
616   22
789   28
506   20
443   18
641   24
522   20
764   29
667   26
675   26
649   24
350   14
448   18
484   20
698   28
779   30
516   20
742   28
459   16
424   16
494   20
531   20
471   18
513   20
755   30
626   24
581   20
665   26
2560   100
740   29
635   26
393   16
603   24
591   24
466   19
2513   100
345   14
546   22
736   30
243   10
487   20
339   14
579   24
602   25
2511   100
833   29
553   20
616   24
931   34
552   18
952   34
487   20
645   26
487   20
392   16
675   26
646   22
377   14
689   28
388   16
984   40
448   18
343   14
387   16
293   12
342   14
435   18
732   30
387   16
643   26
435   18
489   20
294   12
537   22
536   22
488   20
834   34
395   16
341   14
635   26
646   26
450   18
596   24
393   16
448   18
342   14
535   22
441   18
340   14
628   26
639   26
2473   100
2476   100
587   24
444   18
438   18
834   34
632   26
637   26
483   20
701   29
242   10
638   26
636   26
485   20
735   30
532   22
393   16
486   20
436   18
722   30
394   16
611   25
435   18
579   24
631   26
339   14
346   14
626   26
534   22
635   26
396   16
640   26
634   26
589   24
538   22
500   20
297   12
444   18
492   20
248   10
591   24
502   20
473   18
660   26
505   20
848   30
252   10
440   18
586   24
2443   100
634   26
292   12
248   10
535   22
671   26
449   18
297   12
640   26
2491   100
502   16
2192   78
313   10
991   34
245   10
650   26
532   16
737   24
815   26
589   20
463   16
638   24
1080   40
655   24
403   16
718   26
778   20
767   26
563   16
292   10
436   17
624   24
398   16
352   14
446   18
705   28
734   30
984   40
632   26
509   20
358   14
517   18
466   18
315   12
461   18
907   34
830   34
293   12
291   12
591   24
435   18
840   28
460   19
494   20
437   18
438   18
485   20
583   24
834   34
496   20
874   29
666   26
832   34
487   20
649   26
648   26
715   28
293   12
486   20
537   20
442   16
395   16
340   14
438   18
634   26
437   18
443   18
465   18
348   14
512   20
749   24
2668   100
670   26
401   16
978   40
343   14
660   26
635   26
634   26
633   26
687   28
519   18
613   22
648   26
355   14
291   12
2446   100
537   18
458   18
1064   40
696   26
453   18
445   18
445   18
668   26
448   18
722   29
494   20
651   26
640   26
487   20
401   16
292   12
834   34
437   18
540   22
634   26
684   28
741   30
582   24
460   18
445   18
367   14
442   18
502   20
461   18
985   40
513   20
651   26
359   14
343   14
437   18
495   20
483   20
397   16
438   18
486   20
391   16
348   14
634   26
980   40
389   16
686   28
339   14
415   17
631   26
585   24
354   14
391   16
340   14
641   26
765   30
350   14
638   26
471   18
996   40
402   16
349   14
2457   100
634   26
631   26
439   18
978   40
498   20
418   17
750   30
492   20
600   24
1061   40
334   12
594   24
360   14
488   19
437   18
385   16
633   26
825   34
1008   40
511   20
704   26
406   16
390   16
488   20
588   24
392   16
456   18
612   24
343   14
678   26
381   14
460   18
2522   100
559   22
650   26
510   20
504   20
667   26
659   26
2540   100
2631   100
360   14
306   12
583   22
2599   100
685   28
588   24
444   18
632   26
290   12
2697   100
302   12
489   19
519   20
739   30
630   26
704   29
494   20
704   26
601   24
588   24
2749   100
358   14
430   14
595   18
798   26
505   20
704   26
466   18
706   26
546   20
605   22
904   34
1056   40
537   20
423   17
485   19
284   10
706   28
484   18
420   16
673   26
472   18
630   24
674   26
386   14
562   22
540   14
743   28
640   26
344   14
485   20
639   26
436   18
863   34
827   34
2564   100
497   19
752   29
770   29
371   14
662   26
604   22
764   28
787   29
400   16
2037   78
427   16
380   14
525   20
352   14
431   16
475   18
831   30
723   28
377   14
526   20
379   14
497   18
542   20
397   15
679   24
465   18
341   14
697   26
2616   100
540   22
644   26
662   24
541   22
390   16
399   16
700   26
416   16
504   16
753   26
696   24
610   22
706   24
323   12
483   18
330   12
440   16
575   20
423   16
729   28
703   26
455   18
470   18
517   20
719   29
339   14
580   24
1031   40
428   16
447   18
708   26
293   12
388   14
668   26
514   20
777   26
785   26
243   10
663   24
590   22
2717   100
366   14
444   14
1113   40
678   26
644   24
461   18
561   20
312   11
335   13
650   20
838   24
503   19
308   12
866   30
670   24
746   26
548   20
267   11
343   12
490   20
882   34
493   20
672   26
386   16
489   20
390   16
630   26
428   16
2526   100
557   22
296   12
461   19
678   28
401   14
813   30
530   20
490   18
500   18
1147   40
578   20
2580   100
471   18
492   20
363   14
445   18
652   26
477   18
447   16
366   14
684   26
607   24
485   18
434   18
484   20
684   26
582   22
592   20
336   12
490   18
481   18
682   26
436   18
439   18
456   18
525   20
660   26
487   18
655   26
653   26
516   16
858   26
761   30
596   22
484   18
369   14
487   18
437   18
338   14
660   26
584   20
540   20
490   18
407   16
609   24
347   14
2601   100
608   24
443   16
701   28
248   10
686   28
2444   100
2459   100
2459   100
2527   100
640   26
357   14
727   20
581   15
583   22
744   30
733   30
292   12
483   20
833   34
639   26
622   24
532   20
398   16
491   20
670   26
704   26
988   40
2564   100
695   28
983   40
415   15
352   13
637   26
445   18
644   26
563   20
320   12
546   22
646   26
477   19
485   20
629   26
392   16
678   28
462   19
488   20
343   14
973   40
341   14
486   20
437   18
534   22
684   28
338   14
364   15
447   18
342   14
2425   100
463   19
632   26
628   26
461   19
355   14
437   18
492   20
2421   100
340   14
488   20
495   20
490   20
487   20
581   24
638   26
488   20
858   34
1094   40
489   20
344   14
443   18
446   18
597   24
434   18
583   24
2466   100
289   12
491   20
639   26
466   19
389   16
486   20
2644   100
539   18
509   20
433   16
543   20
471   18
318   12
700   26
377   14
721   26
482   18
395   14
684   26
702   26
502   20
650   26
2481   100
465   18
368   10
2766   100
431   16
346   12
281   10
705   26
625   24
422   16
527   20
1066   40
448   16
284   10
681   24
491   18
289   12
629   26
635   26
2645   100
493   19
488   19
667   26
536   20
535   20
717   26
455   16
473   18
695   26
569   22
759   28
531   20
559   20
724   26
679   26
684   28
450   18
364   14
2648   100
556   20
441   16
540   20
454   16
568   20
654   24
517   18
437   14
417   14
663   26
446   14
469   18
733   26
798   26
550   18
2860   100
288   10
471   16
749   26
498   20
656   24
670   26
751   29
403   16
588   22
1922   78
588   24
533   22
485   20
436   18
482   20
438   18
386   16
583   24
2547   100
684   26
511   20
648   26
419   16
515   20
703   26
2422   100
532   22
447   18
627   26
635   26
438   18
464   18
653   24
269   10
365   14
664   26
689   26
469   19
468   18
537   20
465   18
876   28
475   18
730   26
594   22
706   26
537   20
316   12
2699   100
488   19
533   20
769   28
346   14
368   14
629   24
426   16
411   16
682   26
465   18
878   34
659   26
658   26
333   13
457   18
455   18
495   20
606   25
346   14
522   20
409   16
474   18
321   12
513   20
538   19
2654   100
634   24
299   11
372   14
543   20
394   16
370   14
2566   100
350   14
467   18
459   18
470   18
343   14
490   20
310   12
417   16
412   16
410   16
434   16
701   26
553   20
379   14
427   16
555   20
724   26
549   20
888   34
698   26
494   18
358   14
556   20
394   16
300   12
620   24
609   24
416   16
697   26
489   18
568   20
2615   100
699   26
445   18
690   26
378   14
417   16
543   22
422   17
452   18
770   29
479   17
669   26
598   24
290   12
446   16
297   12
603   24
2541   100
425   16
400   16
512   20
458   18
367   14
405   16
665   26
661   24
485   18
364   14
476   18
507   20
455   18
363   14
538   20
382   14
442   18
313   12
659   26
686   26
423   14
693   26
751   26
378   14
420   16
391   16
513   20
425   16
291   10
530   20
447   18
551   22
412   16
2511   100
671   26
356   14
354   14
744   28
442   18
427   16
374   14
690   26
2590   100
609   24
372   14
554   20
348   14
363   15
292   12
1000   40
615   24
405   16
487   20
668   26
479   19
459   18
504   20
2483   100
436   18
512   20
344   14
342   14
683   26
459   18
512   18
405   16
464   18
462   18
975   34
685   26
485   19
508   20
455   18
647   26
427   16
473   18
446   16
771   28
471   18
492   18
528   20
2571   100
369   14
648   26
476   18
676   26
879   34
656   24
2660   100
357   14
760   30
587   24
442   18
340   14
507   20
504   20
2518   100
665   26
647   26
658   26
351   14
653   26
452   18
446   18
453   18
569   22
373   14
650   24
757   28
424   16
759   28
540   20
615   24
584   24
486   20
709   28
487   18
381   14
569   22
671   26
653   26
350   14
613   24
500   20
475   19
643   26
673   24
426   16
483   18
2554   100
317   12
619   24
347   14
402   16
346   14
422   16
567   22
439   16
511   20
350   14
632   26
674   26
447   18
463   18
503   20
398   16
544   22
417   16
713   28
649   26
345   14
2624   100
654   26
2565   100
479   18
562   22
2523   100
440   18
715   29
654   26
2567   100
392   16
392   16
572   22
597   24
416   17
727   28
692   26
698   26
2619   100
441   18
341   14
389   16
344   14
500   20
504   20
2537   100
525   20
656   26
696   26
760   29
863   34
681   26
624   24
674   26
357   14
731   29
666   26
458   18
656   26
466   18
511   20
369   14
645   24
495   18
735   29
642   24
678   25
342   14
530   20
345   14
880   34
530   19
489   19
555   20
1020   40
1044   40
367   15
642   26
511   20
453   18
647   24
340   14
255   10
352   14
408   16
416   16
655   26
508   20
374   12
539   20
738   26
512   20
899   34
689   26
769   28
523   20
341   14
338   14
514   20
728   28
594   24
347   14
438   18
347   14
244   10
438   18
1020   40
430   16
419   16
365   14
727   26
661   26
501   20
352   14
562   22
394   14
870   34
444   18
487   20
592   24
881   34
245   10
626   24
645   26
355   14
387   16
346   14
607   24
431   16
643   26
554   22
302   12
743   28
640   26
728   26
428   16
645   25
450   18
294   12
491   20
600   24
2496   100
460   18
363   14
672   26
427   17
452   18
705   26
399   16
455   18
753   30
423   16
507   20
389   16
411   16
645   26
507   20
574   22
674   26
395   16
665   26
612   24
587   24
308   12
504   20
586   22
435   16
317   12
418   16
727   29
412   16
656   26
678   26
2548   100
351   14
302   12
685   26
438   18
405   16
708   28
648   26
508   20
575   22
448   18
437   18
343   14
471   18
637   24
354   14
456   18
656   26
651   26
722   29
438   18
856   34
443   16
706   26
557   22
440   18
502   18
631   24
463   18
395   16
628   22
540   18
606   24
708   26
635   24
554   19
734   29
836   34
634   26
411   16
717   28
510   20
613   24
500   20
481   19
519   20
519   20
651   26
299   12
494   20
353   14
2587   100
436   18
296   12
485   19
861   34
475   19
504   20
313   12
744   29
386   14
497   20
683   28
497   20
672   26
2032   78
504   20
548   22
359   14
781   26
556   20
452   18
342   14
295   12
509   20
827   34
504   20
2600   100
505   20
2639   100
396   16
2550   100
439   18
487   20
692   28
2557   100
468   18
648   26
655   26
470   18
885   34
460   18
366   14
729   28
396   16
625   24
406   16
651   26
681   24
2575   100
496   20
515   20
350   14
763   30
1012   40
355   14
2567   100
2594   100
658   26
531   20
362   14
682   26
305   12
554   22
414   16
626   22
706   28
750   28
462   18
429   16
818   30
463   18
493   18
640   24
486   19
739   26
399   16
613   24
602   24
2649   100
705   26
407   16
568   20
2597   100
680   26
701   26
2140   78
530   20
2572   100
439   18
493   20
392   16
505   18
480   18
539   20
711   26
821   30
457   18
455   18
1013   40
425   16
771   28
669   26
753   28
426   16
711   26
697   26
2444   100
340   14
290   12
488   20
633   26
635   26
684   28
493   20
681   28
440   18
636   26
462   19
340   14
632   26
388   16
2438   100
638   26
342   14
293   12
2454   100
733   30
537   22
635   26
339   14
503   20
2553   100
341   14
510   20
416   16
646   26
399   14
493   20
448   16
528   20
541   20
520   20
770   28
536   20
672   24
446   18
341   14
489   20
2444   100
343   14
639   26
389   16
489   20
584   24
246   10
508   20
403   16
643   26
353   14
404   16
650   26
795   30
408   16
458   18
2536   100
401   16
433   16
979   40
291   12
394   16
773   30
537   20
483   18
543   22
638   26
2564   100
697   26
2527   100
2644   100
522   20
771   29
711   26
508   20
379   14
603   24
315   12
292   12
735   30
639   26
2542   100
435   18
476   18
462   16
439   18
909   34
509   20
405   16
525   19
528   20
449   18
387   14
722   26
299   12
326   12
450   16
418   17
317   13
452   18
462   17
350   14
666   24
389   16
708   28
396   16
515   20
715   26
455   18
441   18
442   18
440   18
410   17
439   18
492   20
723   28
446   16
543   20
619   24
663   26
363   14
520   20
703   26
477   18
2568   100
593   22
661   26
765   30
633   22
483   18
608   24
466   18
473   19
486   18
457   18
561   22
464   18
420   16
512   20
599   24
359   14
2470   100
592   24
486   20
487   20
621   24
685   26
328   12
752   30
767   29
415   16
492   18
496   20
416   14
540   20
307   12
727   29
509   20
649   24
550   20
498   19
654   26
485   20
259   10
500   18
339   12
448   18
460   18
503   20
451   18
2589   100
504   19
423   16
561   20
638   24
686   26
625   24
468   18
416   16
821   29
314   12
344   14
634   26
486   20
651   26
461   18
397   14
649   26
634   26
391   16
635   26
417   17
588   24
2507   100
978   40
387   14
508   20
497   20
632   26
359   14
520   20
497   18
448   16
1058   40
541   18
387   14
419   16
380   14
491   18
532   20
514   20
586   24
885   34
402   16
2525   100
2577   100
437   18
336   12
458   18
390   16
316   13
552   22
403   16
629   24
713   26
399   16
460   18
525   19
490   18
2545   100
529   20
732   30
588   24
680   26
498   20
969   40
487   20
339   14
2615   100
680   26
351   14
357   14
462   18
2481   100
444   18
459   18
666   22
766   28
2896   100
529   18
385   16
525   20
404   16
457   18
683   24
691   26
1079   40
470   18
507   20
516   20
493   19
311   12
488   19
706   29
491   20
634   26
271   11
446   18
414   16
809   28
375   14
511   20
448   16
460   18
1042   40
494   20
436   18
476   18
437   18
488   20
414   17
679   28
441   18
760   30
638   26
610   24
519   20
691   26
520   20
358   14
481   18
459   18
616   24
539   20
383   14
468   18
656   26
467   18
437   18
400   16
618   24
667   26
502   20
404   16
2660   100
451   18
672   26
1037   40
685   26
351   14
723   26
673   26
508   18
535   20
682   26
403   16
503   20
460   18
580   22
395   16
445   18
663   26
526   20
464   18
369   14
340   14
488   20
547   20
500   18
517   20
502   20
387   16
378   14
667   26
448   16
548   20
530   20
272   10
400   16
541   22
2660   100
592   24
664   26
992   40
346   14
588   24
2515   100
438   18
496   20
274   10
395   14
613   22
543   20
674   26
684   26
711   28
311   12
515   20
668   20
1116   40
499   20
343   13
701   26
534   22
434   16
444   16
376   14
868   34
434   16
557   20
587   24
604   24
472   18
480   18
779   28
503   18
500   20
443   16
484   18
636   26
352   14
549   22
408   16
653   26
703   28
390   16
632   26
690   26
2571   100
445   18
475   18
617   24
448   18
499   20
656   26
582   22
374   14
703   26
363   14
754   30
708   28
664   26
470   17
685   26
767   28
483   20
516   20
680   26
513   20
503   18
385   16
387   16
437   18
626   26
2548   100
356   14
591   24
584   24
350   14
352   14
610   24
469   18
323   12
306   12
568   20
548   22
2488   100
456   18
663   26
771   30
729   28
522   20
770   30
345   14
2479   100
627   26
483   20
643   26
435   18
340   14
434   18
434   18
338   14
438   18
628   26
437   18
981   40
442   18
434   18
640   26
571   22
2542   100
444   18
386   16
433   18
339   14
628   26
438   18
410   16
640   26
493   20
492   20
490   20
662   26
352   14
2446   100
