787   26
403   14
573   20
572   20
456   16
741   26
518   18
468   16
855   30
739   26
745   26
852   30
681   24
742   26
687   24
798   28
572   20
584   20
345   12
513   18
343   12
572   20
287   10
579   20
529   18
763   26
530   18
2915   100
569   20
515   18
739   26
742   26
456   16
454   16
685   24
402   14
344   12
516   18
715   25
456   16
511   18
573   20
541   19
399   14
566   20
462   16
574   20
743   26
400   14
685   24
578   20
400   14
745   26
508   18
514   18
460   16
460   16
342   12
455   16
513   18
517   18
742   26
626   22
510   18
459   16
568   20
456   16
741   26
981   34
740   26
570   20
741   26
574   20
629   22
747   26
971   34
741   26
738   26
833   29
288   10
857   30
512   18
744   26
572   20
627   22
738   26
861   30
485   17
971   34
742   26
402   14
680   24
511   18
2859   100
461   16
739   26
823   29
453   16
428   15
458   16
458   16
2854   100
743   26
459   16
574   20
630   22
626   22
523   18
515   18
572   20
459   16
967   34
486   17
516   18
2859   100
401   14
398   14
372   13
744   26
1172   40
1180   40
475   16
692   24
460   16
353   12
446   15
469   16
801   28
742   26
2856   100
462   16
572   20
512   18
975   34
2856   100
404   14
511   18
454   16
517   18
742   26
741   26
738   26
573   20
400   14
462   16
739   26
550   19
743   26
512   18
514   18
398   14
748   26
687   24
454   16
570   20
745   26
512   18
627   22
740   26
516   18
802   28
460   16
1141   40
514   18
740   26
741   26
346   12
343   12
743   26
569   20
455   16
518   18
456   16
512   18
741   26
513   18
745   26
404   14
455   16
343   12
456   16
460   16
568   20
2857   100
512   18
970   34
742   26
711   25
456   16
688   24
690   24
739   26
285   10
588   20
456   16
398   14
626   22
568   20
403   14
343   12
2855   100
681   24
282   10
514   18
745   26
1140   40
628   22
458   16
572   20
687   24
397   14
743   26
570   20
633   22
485   17
570   20
535   18
285   10
770   26
767   26
534   18
754   26
544   18
357   12
748   26
401   14
570   20
512   18
570   20
578   20
512   18
743   26
741   26
2863   100
747   26
744   26
873   30
853   30
342   12
568   20
284   10
973   34
516   18
455   16
741   26
744   26
512   18
510   18
455   16
746   26
800   28
739   26
516   18
459   16
568   20
567   20
738   26
860   30
686   24
2852   100
2864   100
458   16
458   16
738   26
455   16
568   20
403   14
2862   100
454   16
712   25
686   24
746   26
399   14
685   24
2868   100
404   14
343   12
457   16
546   19
401   14
513   18
404   14
401   14
799   28
568   20
572   20
687   24
488   17
454   16
341   12
690   24
457   16
521   18
397   14
742   26
574   20
284   10
741   26
625   22
457   16
515   18
740   26
851   30
401   14
573   20
342   12
770   26
523   18
428   14
632   18
2379   78
530   18
594   20
899   29
899   30
575   20
552   19
533   18
703   24
2906   100
517   18
572   20
574   20
746   26
571   20
458   16
808   28
516   18
684   24
803   28
577   20
525   18
704   24
587   20
887   30
484   17
398   14
575   20
579   20
510   18
472   14
577   20
580   20
588   20
393   14
748   26
981   34
586   20
464   16
585   20
323   11
1159   40
407   14
752   26
816   24
787   26
408   12
449   14
361   12
838   29
742   26
562   18
697   24
462   16
596   20
1016   34
572   20
2973   100
643   22
416   14
288   10
462   16
456   16
575   20
577   20
747   26
287   10
1156   40
402   14
2972   100
515   18
2878   100
399   14
572   20
402   14
748   26
456   16
692   24
742   26
978   34
742   26
514   18
460   16
493   16
607   20
687   24
705   24
749   26
342   12
688   24
757   26
584   20
657   22
558   19
647   22
881   30
696   24
527   18
537   18
571   20
575   20
399   14
1144   40
741   26
574   20
457   16
515   18
572   20
401   14
514   18
832   29
684   24
541   19
570   20
287   10
287   10
516   18
341   12
806   28
543   19
576   20
489   17
515   18
825   29
398   14
745   26
519   18
623   22
2859   100
573   20
459   16
2239   78
971   34
399   14
400   14
345   12
2960   100
834   28
835   29
570   18
816   24
844   26
874   28
944   28
744   24
624   20
803   26
780   26
579   20
974   26
1055   30
3157   100
588   20
476   16
570   20
584   20
557   18
457   16
331   11
388   13
555   18
404   14
595   18
352   12
462   16
633   22
688   24
957   30
617   20
495   16
444   14
2983   100
540   18
846   29
414   14
644   20
1472   34
494   10
4152   100
585   20
644   22
705   24
468   16
533   17
797   20
1097   34
1305   40
462   16
875   28
517   18
692   24
752   26
521   18
477   14
380   12
804   26
2916   100
401   14
692   24
693   24
867   30
463   16
400   14
347   12
631   22
572   20
572   20
527   18
888   26
468   14
508   16
578   20
692   24
461   16
433   15
596   20
303   10
460   16
516   18
689   24
539   18
584   18
464   16
519   18
343   12
747   26
519   18
545   19
577   20
573   20
749   26
528   18
518   18
2874   100
573   20
751   26
517   18
574   20
691   24
402   14
402   14
521   18
2872   100
457   16
316   11
575   20
750   26
459   16
491   17
749   26
514   18
574   20
544   19
750   26
404   14
518   18
752   26
518   18
461   16
631   22
597   20
631   20
3188   100
638   20
3169   100
3835   100
644   18
939   24
3150   100
884   26
811   28
508   17
707   24
521   18
459   16
2888   100
865   30
975   34
459   16
458   16
574   20
776   26
775   26
754   26
692   24
575   20
515   18
375   13
801   28
456   16
404   14
516   18
748   26
979   34
401   14
574   20
546   19
746   26
634   22
458   16
690   24
516   18
572   20
687   24
635   22
531   18
762   24
3093   100
625   20
530   18
798   26
532   18
383   12
542   18
653   20
632   20
615   20
526   17
844   28
744   26
622   20
560   18
571   19
722   24
1240   40
471   14
391   11
611   20
562   18
753   18
702   20
671   18
1424   40
523   16
711   19
418   12
333   10
582   17
1112   29
839   24
1052   30
651   18
591   20
344   12
516   18
694   24
3175   100
639   16
703   20
921   26
749   20
822   24
664   18
663   20
3161   100
347   12
543   19
518   18
516   18
743   26
800   28
743   26
2885   100
741   26
578   20
399   14
576   20
519   18
346   12
751   26
835   29
3162   100
584   20
402   14
990   34
486   17
2878   100
745   26
374   13
863   30
458   16
2874   100
747   26
751   26
744   26
572   20
573   20
519   18
572   20
748   26
839   29
2873   100
757   26
2872   100
744   26
752   26
458   16
746   26
690   24
520   18
403   14
976   34
516   18
748   26
518   18
515   18
459   16
399   14
576   20
399   14
1143   40
840   29
460   16
518   18
834   29
748   26
515   18
571   20
571   20
518   18
746   26
516   18
685   24
459   16
461   16
690   24
699   24
701   24
414   14
1277   40
332   11
469   16
564   19
763   26
402   14
749   26
363   12
2897   100
630   20
883   30
949   30
873   29
645   20
523   18
519   18
543   19
621   20
862   29
554   18
575   18
583   20
632   22
2871   100
549   19
573   20
572   20
2868   100
801   28
576   20
745   26
748   26
572   20
2868   100
572   20
978   34
746   26
572   20
748   26
761   26
835   29
861   30
291   10
745   26
515   18
746   26
406   14
542   19
405   14
399   14
745   26
520   18
745   26
688   24
458   16
342   12
633   22
467   16
572   20
518   18
460   16
458   16
686   24
630   22
345   12
464   16
514   18
520   18
517   18
517   18
752   26
573   20
686   24
517   18
804   28
746   26
516   18
573   20
490   17
399   14
513   18
631   22
864   30
577   20
746   26
573   20
519   18
746   26
863   30
292   10
588   20
470   16
353   12
812   28
626   20
847   26
734   24
765   20
798   24
909   29
3212   100
623   20
1081   34
629   20
555   16
388   12
559   18
743   26
458   16
518   18
719   25
574   20
518   18
636   22
517   18
2873   100
515   18
1149   40
744   26
629   22
2872   100
459   16
461   16
803   28
858   30
703   24
3013   100
614   20
765   24
2994   100
756   24
570   18
305   10
612   20
1766   40
884   20
610   18
881   28
3343   100
808   28
688   24
576   20
578   20
805   28
528   18
849   28
564   18
486   16
458   14
732   24
892   28
3136   100
2885   100
748   26
808   28
692   24
459   16
2915   100
584   20
539   18
865   29
471   16
2869   100
461   16
459   16
516   18
457   16
398   14
574   20
460   16
746   26
572   20
745   26
576   20
458   16
515   18
517   18
519   18
2872   100
463   16
615   20
434   14
518   18
457   16
459   16
400   14
456   16
343   12
604   20
826   28
748   26
760   26
402   14
576   20
458   16
747   26
520   18
342   12
573   20
746   26
806   28
1155   40
745   26
349   12
574   20
577   18
835   26
607   20
556   18
833   26
804   26
892   26
970   28
680   18
897   26
931   26
584   19
449   14
756   24
757   26
585   20
590   20
836   29
433   14
593   20
498   16
512   16
761   26
525   18
359   12
578   20
811   28
2889   100
587   20
375   13
575   20
579   20
749   26
753   26
2873   100
749   26
402   14
520   18
2876   100
2954   100
421   14
527   18
354   12
587   20
459   16
520   18
747   26
344   12
750   26
690   24
517   18
458   16
576   20
1150   40
1151   40
807   28
486   17
753   26
806   28
400   14
319   11
544   19
575   20
2885   100
516   18
343   12
346   12
1151   40
399   14
631   22
456   16
573   20
521   18
630   22
864   30
574   20
293   10
800   28
746   26
345   12
461   16
579   20
744   26
574   20
528   18
556   19
580   20
748   26
759   26
524   18
526   18
1161   40
747   26
514   18
686   24
746   26
521   18
456   16
632   22
572   20
574   20
455   16
414   14
574   20
349   12
1152   40
750   26
463   16
547   16
648   20
560   18
423   14
518   18
656   20
1009   34
521   18
771   26
753   26
516   18
515   18
513   18
979   34
459   16
405   14
461   16
344   12
3091   100
3075   100
462   16
693   24
824   26
518   18
589   18
294   10
784   26
290   10
710   24
467   16
754   26
528   18
467   16
757   24
804   24
464   14
675   20
587   18
287   10
436   14
610   20
420   14
915   28
462   16
290   10
710   22
466   16
1271   28
780   26
519   18
519   18
726   22
752   26
632   22
701   24
3280   100
957   26
867   26
593   18
3032   100
611   20
846   26
745   24
486   16
306   10
650   20
857   26
711   24
635   22
824   26
3115   100
569   18
429   14
720   24
543   18
782   26
543   18
840   26
1220   40
552   18
581   20
667   20
842   26
893   26
568   16
691   20
852   26
639   20
3170   100
874   28
3059   100
694   22
764   26
570   18
459   16
464   16
3035   100
3091   100
598   18
3856   100
889   20
542   18
3325   100
549   18
443   14
765   24
883   28
744   24
570   18
483   16
758   26
573   18
606   20
380   12
410   14
990   34
515   18
517   18
459   16
521   18
572   20
636   22
550   19
749   26
834   29
287   10
690   24
486   16
636   22
403   14
534   18
807   28
578   20
596   20
459   16
515   18
463   16
517   18
491   17
519   18
576   20
2900   100
1157   40
765   26
980   34
833   28
502   16
593   20
720   22
438   14
737   24
3035   100
303   10
435   14
564   18
407   12
560   18
562   18
811   24
3243   100
881   29
424   14
465   14
414   14
773   26
538   16
745   24
362   12
850   26
485   16
773   26
629   20
712   22
656   18
840   26
959   26
1182   40
519   18
806   28
754   26
522   18
535   18
731   22
599   20
466   16
597   20
786   26
536   18
1082   34
531   18
404   14
984   34
547   19
819   28
567   18
746   26
593   20
817   28
581   20
401   14
718   20
710   24
3047   100
554   18
750   26
347   12
518   18
693   24
515   18
618   20
843   28
688   24
517   18
745   26
580   20
1071   34
619   19
794   26
546   18
593   18
619   20
562   18
526   18
429   14
547   18
3082   100
474   16
767   26
506   16
2989   100
709   24
605   20
660   20
844   28
540   18
870   28
664   20
3139   100
817   26
446   14
479   16
412   14
734   24
555   18
560   18
545   18
493   14
3037   100
656   22
531   18
318   11
696   24
318   11
538   18
725   24
781   26
563   19
826   26
350   12
763   26
621   20
601   18
3067   100
691   20
713   24
687   20
674   18
561   18
952   26
646   18
590   18
608   20
908   28
3051   100
548   18
489   16
758   26
708   24
3014   100
536   18
760   26
695   24
757   26
1204   40
744   24
414   14
479   16
2984   100
630   20
662   22
571   19
411   14
626   20
539   18
536   18
584   20
778   26
542   18
654   22
635   20
555   18
541   18
1188   40
413   14
353   12
433   14
770   26
527   18
478   16
670   22
780   26
468   16
595   20
438   14
597   20
789   26
799   26
598   20
1049   34
480   15
547   18
586   20
643   22
407   14
413   14
483   16
389   13
542   18
491   16
627   20
422   14
3157   100
566   18
836   28
733   25
504   16
817   26
412   14
611   18
518   18
814   28
681   20
839   26
781   26
525   18
303   10
526   18
501   16
3153   100
2985   100
484   16
797   26
3042   100
405   14
518   18
411   14
587   20
816   28
489   16
534   18
696   24
402   14
631   22
628   22
519   18
2888   100
747   26
515   18
573   20
2918   100
526   18
319   11
748   26
545   18
406   14
479   16
611   20
2873   100
2886   100
647   22
401   14
528   18
514   18
594   20
478   16
766   26
548   19
634   22
478   16
466   16
436   15
580   20
980   34
461   16
1147   40
747   26
535   18
767   26
895   30
550   18
2991   100
477   16
2954   100
485   16
486   16
752   26
600   20
758   26
525   18
583   20
3062   100
443   14
844   28
347   12
518   18
478   14
385   12
826   28
521   16
694   24
286   10
517   18
761   26
472   14
815   28
2643   78
860   24
619   20
532   18
612   14
749   20
528   18
711   24
506   16
308   10
808   26
838   28
790   24
874   30
676   20
578   20
754   26
3077   100
579   20
459   16
580   20
528   18
432   14
660   20
655   20
446   12
798   24
832   26
495   16
301   10
459   14
617   19
3114   100
589   18
446   14
663   20
438   14
529   18
837   26
502   16
624   20
922   30
635   20
906   30
606   20
545   17
366   12
518   16
839   26
1359   40
325   11
858   28
701   24
544   18
808   26
906   29
571   18
561   18
722   24
850   26
583   20
540   18
746   26
645   20
831   26
418   14
519   16
355   12
811   28
361   12
603   20
883   29
814   26
356   11
762   26
488   16
1201   40
764   26
822   26
748   24
780   26
862   29
568   19
594   20
408   14
515   18
518   18
466   16
349   12
518   18
766   26
840   26
758   26
580   20
749   19
3464   100
501   17
543   18
631   20
513   16
780   24
950   28
601   20
536   18
359   12
821   28
728   24
1180   40
428   14
418   14
297   10
601   20
520   16
926   28
587   19
860   26
1285   40
498   16
604   20
3131   100
313   10
833   26
467   15
937   30
847   26
656   20
396   12
630   20
447   14
778   26
315   10
346   12
868   29
405   14
880   28
1104   34
317   10
690   22
852   28
411   14
549   18
519   18
703   22
556   17
796   24
600   18
378   12
822   26
1026   30
912   30
463   14
560   18
580   18
345   12
477   16
472   16
414   14
809   26
816   26
745   24
469   16
532   18
755   24
3195   100
810   26
877   29
589   20
579   18
663   20
640   20
856   26
799   24
608   18
803   26
530   18
817   26
498   14
857   26
639   20
711   20
639   20
627   20
586   20
817   20
835   20
497   14
574   18
683   20
1203   34
543   16
631   20
554   18
900   30
619   20
789   24
759   26
578   20
797   25
719   22
2961   100
521   18
836   28
758   26
540   18
870   30
628   20
541   18
3064   100
3049   100
771   26
620   18
541   18
518   16
859   29
3181   100
421   14
704   24
3094   100
645   20
730   25
762   26
580   18
481   16
550   18
364   11
587   20
528   18
3123   100
610   20
753   26
531   18
536   16
830   26
751   26
1078   34
912   28
672   20
445   14
621   20
870   26
601   18
664   20
869   30
833   28
784   26
428   14
545   18
790   26
543   18
611   20
765   26
840   28
881   28
542   18
622   20
532   16
772   26
608   20
697   22
705   20
683   20
576   15
457   14
915   26
790   26
750   24
1328   40
567   18
416   14
411   14
670   22
528   18
750   26
581   20
703   24
2267   78
577   20
754   26
3098   100
817   26
307   10
694   20
962   30
844   26
3257   100
826   24
641   18
432   14
354   12
526   18
529   18
882   30
744   24
645   20
828   26
656   20
599   20
566   18
770   24
900   28
851   28
628   20
436   14
493   16
621   20
1030   34
603   18
834   26
811   26
709   24
799   24
405   14
876   29
502   16
481   16
781   26
591   20
409   14
561   18
629   20
3009   100
506   16
500   16
2949   100
1133   34
428   14
484   16
531   18
2298   78
3030   100
291   10
431   14
764   26
641   22
595   20
781   26
529   18
763   24
549   18
589   20
807   26
763   26
590   20
2998   100
3108   100
534   18
755   26
650   22
556   18
1175   40
534   18
426   14
557   18
1215   40
518   18
700   24
767   26
544   18
387   13
1156   40
870   29
494   16
463   16
875   30
754   26
768   24
537   16
603   18
842   24
675   20
573   18
446   14
530   18
477   16
1006   34
767   26
360   12
545   18
614   20
576   18
582   19
2996   100
643   22
453   15
657   22
765   26
925   29
643   18
858   24
865   26
812   28
767   26
535   17
486   16
466   16
777   26
578   20
467   16
462   16
693   20
499   16
600   20
365   12
759   26
465   16
1025   30
1132   24
757   24
565   18
334   10
769   26
604   20
603   19
637   19
678   22
419   14
382   12
537   16
889   26
562   18
410   11
3695   100
603   20
1041   28
1060   26
772   20
692   18
330   11
797   26
826   26
919   28
527   18
559   19
557   19
586   20
554   18
1827   40
472   16
702   24
603   20
715   24
768   26
792   26
1571   40
1003   28
614   20
714   24
526   18
789   26
411   14
1072   28
882   29
611   20
593   20
524   18
523   18
466   16
527   18
761   26
469   16
417   14
466   16
411   14
588   20
990   34
755   26
464   16
528   18
408   14
814   28
775   26
3380   100
628   20
762   26
780   26
530   18
529   12
541   18
767   26
528   16
832   28
470   16
692   18
1104   28
3007   100
2959   100
639   16
442   10
629   20
416   14
600   20
763   26
592   20
467   16
826   28
412   14
996   30
649   18
781   24
504   16
504   16
619   20
525   16
670   18
800   26
476   16
938   20
926   28
468   16
761   22
444   14
442   14
888   28
472   16
776   26
572   20
461   16
700   24
693   24
797   22
816   28
751   26
314   11
