309   18
332   20
330   20
448   26
289   18
1623   100
291   18
469   29
1624   100
262   16
261   16
324   20
324   20
422   26
387   24
194   12
392   24
287   17
329   20
427   25
471   28
584   34
679   40
298   18
177   11
290   18
392   24
363   20
334   20
324   20
328   20
230   14
179   11
206   12
292   18
261   16
561   34
557   34
330   20
326   20
227   14
1637   100
427   26
390   24
325   20
327   20
1643   100
262   16
1268   78
313   18
1630   100
333   20
422   26
169   10
1631   100
655   40
200   12
391   24
294   18
390   24
295   18
326   20
330   20
328   20
331   20
357   22
324   20
390   24
227   14
256   16
329   20
262   16
313   19
226   14
325   20
293   18
257   16
421   26
428   26
260   16
397   24
296   18
274   17
261   16
324   20
1283   78
435   26
412   24
273   16
280   16
305   18
1303   78
273   16
441   26
494   30
1669   100
323   20
394   24
294   18
430   26
657   40
325   20
296   18
422   26
1623   100
324   20
256   16
359   22
420   26
265   16
364   22
227   14
390   24
261   16
264   16
389   24
1637   100
394   24
1646   100
471   29
325   20
423   26
292   18
324   20
329   20
164   10
360   22
261   16
257   16
227   14
394   24
330   20
426   26
1630   100
259   16
261   16
298   18
326   20
358   22
1631   100
263   16
423   26
262   16
274   17
392   24
354   22
312   19
231   14
1654   100
393   24
657   40
390   24
294   18
361   22
1628   100
422   26
324   20
293   18
462   28
260   16
360   22
432   26
490   30
1627   100
312   19
248   15
326   20
326   20
309   19
397   24
327   20
297   18
327   20
327   20
326   20
229   14
421   26
391   24
196   12
332   20
293   18
1632   100
194   12
1631   100
456   28
260   16
325   20
496   30
392   24
326   20
262   16
262   16
264   16
1635   100
327   20
322   20
262   16
422   26
331   20
1628   100
228   14
328   20
235   14
390   24
294   18
357   22
293   18
392   24
455   28
333   20
166   10
324   20
424   26
202   12
394   24
297   18
428   26
372   22
196   12
424   26
259   16
424   26
420   26
195   12
264   16
169   10
424   26
260   16
292   18
228   14
476   28
265   16
1672   100
426   26
397   24
430   26
271   16
496   30
404   24
294   18
325   20
429   26
337   20
421   26
328   20
553   34
325   20
259   16
295   18
360   22
228   14
361   22
325   20
261   16
262   16
331   20
215   13
461   28
424   26
1629   100
499   30
296   18
358   22
657   40
293   18
436   26
293   18
1635   100
425   26
427   26
396   24
425   26
552   34
1641   100
658   40
327   20
243   15
310   19
194   12
331   20
295   18
294   18
390   24
377   22
423   26
331   20
439   26
326   20
388   24
296   18
229   14
291   18
474   29
311   19
330   20
228   14
422   26
1639   100
297   18
260   16
427   26
326   20
261   16
226   14
650   40
332   20
262   16
424   26
1647   100
292   18
425   26
229   14
229   14
323   20
424   26
294   18
396   24
166   10
422   26
324   20
422   26
427   26
262   16
1270   78
310   19
423   26
1630   100
425   26
422   26
314   19
294   18
330   20
327   20
227   14
387   24
326   20
324   20
1715   100
291   18
424   26
329   20
431   26
444   26
197   12
194   12
295   18
261   16
650   40
426   26
430   26
360   22
305   18
336   20
1649   100
293   18
1622   100
394   24
1624   100
227   14
293   18
298   18
552   34
292   18
418   26
292   18
420   26
230   14
262   16
323   20
295   18
293   18
277   17
391   24
263   16
163   10
298   18
301   18
427   26
654   40
305   18
426   26
435   26
309   18
268   16
324   20
301   18
162   10
328   20
431   26
572   34
485   30
419   26
273   17
388   24
396   24
290   18
232   14
289   18
293   18
390   24
387   24
326   20
391   24
364   22
259   16
259   16
260   16
422   26
326   20
421   26
197   12
428   26
356   22
455   28
326   20
231   14
306   19
263   16
161   10
400   24
327   20
1622   100
197   12
458   28
653   40
462   28
258   16
179   11
394   24
431   26
325   20
387   24
326   20
421   26
261   16
420   26
232   14
389   24
488   30
394   24
196   12
428   26
422   26
1639   100
226   14
392   24
293   18
425   26
292   18
421   26
422   26
324   20
296   18
260   16
431   26
291   18
290   18
197   12
321   20
324   20
294   18
293   18
423   26
290   18
551   34
260   16
289   18
656   40
294   18
325   20
454   28
225   14
231   14
225   14
389   24
308   19
326   20
550   34
229   14
227   14
1627   100
292   18
421   26
645   40
391   24
1629   100
1629   100
391   24
455   28
323   20
1625   100
289   18
238   14
388   24
421   26
360   22
362   22
551   34
228   14
224   14
229   14
292   18
322   20
558   34
419   26
290   18
388   24
355   22
258   16
296   18
419   26
394   24
227   14
256   16
292   18
322   20
292   18
227   14
423   26
263   16
307   19
226   14
322   20
389   24
224   14
557   34
460   28
647   40
386   24
179   11
387   24
228   14
420   26
262   16
259   16
423   26
227   14
390   24
257   16
294   18
422   26
328   20
1625   100
457   28
332   20
337   20
1658   100
403   24
258   16
296   18
294   18
565   34
258   16
289   18
385   24
431   26
387   24
320   20
257   16
323   20
419   26
262   16
293   18
426   26
258   16
258   16
293   18
420   26
290   18
429   26
229   14
228   14
275   17
194   12
1636   100
260   16
355   22
418   26
241   15
228   14
1620   100
427   26
645   40
459   28
471   29
422   26
295   18
289   18
323   20
450   28
551   34
490   30
452   28
421   26
257   16
290   18
391   24
297   18
422   26
320   20
195   12
323   20
164   10
297   18
1619   100
325   20
319   20
654   40
328   20
420   26
325   20
386   24
324   20
549   34
224   14
1620   100
419   26
266   16
257   16
424   26
646   40
420   26
226   14
228   14
225   14
228   14
192   12
200   12
194   12
256   16
420   26
228   14
416   26
292   18
294   18
295   18
292   18
451   28
387   24
358   22
167   10
454   28
428   26
387   24
456   28
239   14
195   12
321   20
290   18
275   16
296   18
325   20
259   16
292   18
549   34
331   20
354   22
292   18
166   10
418   26
390   24
275   17
307   19
324   20
392   24
313   19
320   20
421   26
294   18
273   17
260   16
289   18
358   22
331   20
486   30
1622   100
225   14
300   18
455   28
454   28
420   26
456   28
389   24
1630   100
422   26
263   16
495   30
421   26
292   18
551   34
262   16
424   26
1628   100
258   16
292   18
329   20
657   40
425   26
1628   100
435   26
1672   100
439   26
336   20
394   24
283   16
299   18
325   20
1666   100
244   14
649   40
1632   100
421   26
356   22
1635   100
194   12
326   20
484   30
361   22
1635   100
1634   100
293   18
327   20
261   16
488   30
294   18
460   28
267   16
326   20
226   14
231   14
293   18
424   26
293   18
228   14
366   22
227   14
1626   100
463   28
330   20
424   26
261   16
260   16
294   18
425   26
323   20
296   18
426   26
487   30
323   20
293   18
421   26
297   18
330   20
325   20
294   18
389   24
261   16
390   24
1630   100
391   24
293   18
326   20
300   18
1634   100
324   20
424   26
227   14
430   26
359   22
280   16
264   16
260   16
424   26
330   20
427   26
290   18
391   24
297   18
292   18
295   18
259   14
594   34
454   28
327   20
225   14
426   26
290   18
226   14
313   19
233   14
262   16
264   16
260   16
391   24
358   22
1639   100
291   18
261   16
1643   100
265   16
292   18
294   18
259   16
292   18
1636   100
356   22
270   16
227   14
294   18
235   14
555   34
390   24
212   13
486   30
473   29
260   16
295   18
424   26
229   14
294   18
461   28
473   29
259   16
401   24
245   15
419   26
489   30
291   18
390   24
290   18
327   20
292   18
1625   100
298   18
430   26
195   12
230   14
195   12
259   16
307   19
457   28
229   14
423   26
428   26
566   34
422   26
265   16
313   18
449   26
466   28
393   24
509   30
453   26
332   20
296   18
305   18
197   12
396   24
1662   100
231   14
456   28
261   16
292   18
325   20
425   26
261   16
227   14
398   24
356   22
229   14
325   20
388   24
473   29
194   12
328   20
423   26
355   22
421   26
423   26
328   20
654   40
226   14
326   20
309   19
357   22
245   15
322   20
293   18
427   26
421   26
292   18
194   12
323   20
391   24
647   40
511   30
1627   100
429   26
292   18
261   16
192   12
1633   100
429   24
427   26
225   14
357   22
323   20
160   10
495   30
295   18
230   14
228   14
310   19
290   18
328   20
192   12
229   14
424   26
302   18
261   16
656   40
195   12
326   20
648   40
315   19
394   24
229   14
425   26
226   14
1630   100
422   26
290   18
260   16
163   10
423   26
265   16
262   16
293   18
180   11
327   20
388   24
359   22
325   20
293   18
230   14
1630   100
322   20
459   28
425   26
393   24
258   16
260   16
324   20
327   20
423   26
391   24
1623   100
294   18
296   18
492   30
325   20
263   16
290   18
228   14
230   14
327   20
292   18
361   22
327   20
324   20
388   24
495   30
388   24
434   26
240   14
225   14
326   20
324   20
422   26
421   26
294   18
428   26
652   40
1634   100
293   18
292   18
422   26
227   14
390   24
428   26
357   22
396   24
295   18
311   18
292   18
294   18
421   26
292   18
235   14
301   18
390   24
261   16
235   14
259   16
292   18
553   34
330   20
230   14
654   40
453   28
195   12
162   10
293   18
232   14
330   20
1649   100
396   24
233   14
1683   100
326   20
306   18
335   20
261   16
226   14
423   26
290   18
1646   100
335   20
390   24
331   20
195   12
289   18
195   12
332   20
329   20
1625   100
326   20
295   18
294   18
455   28
1633   100
297   18
553   34
324   20
260   16
367   22
550   34
482   29
291   18
258   16
294   18
1641   100
262   16
296   18
270   16
452   28
422   26
229   14
260   16
329   20
657   40
308   19
229   14
389   24
1632   100
324   20
364   22
238   14
431   26
200   12
292   18
387   24
291   18
1630   100
261   16
647   40
324   20
260   16
326   20
327   20
298   18
229   14
422   26
647   40
1635   100
193   12
388   24
451   28
259   16
292   18
227   14
300   18
323   20
292   18
322   20
424   26
291   18
423   26
560   34
291   18
422   26
323   20
328   20
324   20
452   28
333   20
225   14
326   20
457   28
178   11
455   28
431   26
660   40
1630   100
261   16
665   40
324   20
386   24
291   18
324   20
257   16
661   40
1624   100
227   14
259   16
396   24
405   24
321   20
295   18
193   12
390   24
195   12
332   20
298   18
163   10
194   12
424   26
329   20
648   40
294   18
460   28
324   20
421   26
423   26
227   14
325   20
439   26
395   24
293   18
291   18
260   16
1629   100
306   19
323   20
1691   100
299   18
322   20
419   26
358   22
262   16
236   14
416   24
399   24
331   20
266   16
300   18
498   30
229   14
422   26
319   18
179   11
459   28
377   22
309   18
291   18
483   30
295   18
292   18
417   26
1627   100
328   20
321   20
291   18
353   22
261   16
417   26
391   24
1624   100
226   14
422   26
323   20
1628   100
548   34
326   20
328   20
259   16
300   18
293   18
257   16
355   22
421   26
425   26
260   16
292   18
291   18
364   22
425   26
291   18
260   16
296   18
262   16
325   20
291   18
395   24
421   26
1643   100
294   18
457   28
1633   100
261   16
267   16
340   20
228   14
295   18
258   16
1643   100
227   14
391   24
457   28
455   28
422   26
326   20
324   20
422   26
397   24
394   24
323   20
312   19
258   16
360   22
468   29
293   18
317   19
292   18
1627   100
226   14
269   16
553   34
330   20
424   26
330   20
422   26
258   16
395   24
326   20
471   29
333   20
351   20
268   16
245   14
334   20
302   18
402   22
497   30
266   16
340   20
409   24
415   24
431   26
304   18
418   25
347   20
204   12
437   26
435   26
401   24
228   14
365   22
483   29
439   26
425   26
259   16
327   20
259   16
395   24
328   20
263   16
278   17
226   14
243   15
306   19
293   18
323   20
391   24
231   14
328   20
424   26
391   24
325   20
293   18
396   24
227   14
334   20
391   24
228   14
428   26
205   12
308   19
324   20
365   22
317   19
294   18
460   28
259   16
228   14
259   16
329   20
260   16
181   10
459   28
324   20
295   18
1644   100
231   14
262   16
267   16
487   28
429   26
299   18
280   16
336   20
497   30
298   18
284   17
477   28
311   18
200   12
274   16
358   22
178   11
489   30
263   16
269   16
229   14
312   18
332   20
426   26
229   14
227   14
1709   100
283   16
439   26
330   19
297   18
493   30
300   18
234   14
197   12
1625   100
161   10
226   14
296   18
324   20
1626   100
1633   100
389   24
294   18
423   26
263   16
295   18
326   20
229   14
326   20
258   16
423   26
323   20
482   29
196   12
420   26
424   26
325   20
453   28
285   16
1630   100
296   18
290   18
433   26
1633   100
360   22
1633   100
325   20
392   24
421   26
483   29
386   24
267   16
391   24
422   26
228   14
292   18
430   26
194   12
277   17
324   20
291   18
258   16
291   18
423   26
263   16
197   12
454   28
356   22
293   18
419   26
1635   100
419   26
202   12
308   19
323   20
398   24
454   28
321   20
422   26
323   20
423   26
334   20
294   18
297   18
164   10
294   18
386   24
455   28
194   12
306   19
261   16
279   17
419   26
290   18
422   26
481   30
419   26
230   14
1616   100
387   24
658   40
290   18
390   24
1631   100
651   40
258   16
259   16
263   16
294   18
328   20
225   14
419   25
292   18
660   40
293   18
226   14
260   16
421   26
396   24
326   20
293   18
293   18
418   26
422   26
1634   100
332   20
195   12
195   12
422   26
311   19
296   18
386   24
296   18
290   18
429   26
1678   100
432   26
433   26
406   24
298   18
438   26
367   22
655   40
198   12
290   18
294   18
260   16
367   22
555   34
259   16
424   26
421   26
328   20
229   14
292   18
356   22
291   18
324   20
551   34
297   18
299   18
298   18
322   20
323   20
213   13
389   24
293   18
325   20
327   20
325   20
262   16
327   20
295   18
423   26
654   40
499   30
451   28
227   14
359   22
453   28
296   18
424   26
1640   100
355   22
327   20
1634   100
425   26
229   14
425   26
1633   100
293   18
1641   100
388   24
194   12
265   16
197   12
395   24
293   18
452   28
423   26
325   20
260   16
260   16
359   22
1635   100
228   14
389   24
332   20
169   10
437   26
430   26
327   20
325   20
263   16
195   12
1633   100
294   18
226   14
422   26
333   20
326   20
327   20
324   20
291   18
393   24
324   20
298   18
198   12
330   20
420   26
257   16
291   18
424   26
259   16
428   26
328   20
551   34
296   18
292   18
393   24
656   40
333   20
454   28
325   20
388   24
472   29
261   16
329   20
312   19
427   26
229   14
292   18
357   22
558   34
267   16
429   26
425   26
323   20
423   26
1637   100
389   24
325   20
425   26
277   17
338   20
432   26
227   14
259   16
261   16
232   14
259   16
227   14
325   20
438   26
423   26
489   30
295   18
1650   100
422   26
257   16
194   12
227   14
419   26
292   18
333   20
184   11
456   28
389   24
1652   100
365   22
477   29
294   18
441   26
264   16
445   26
344   20
327   20
332   20
327   20
427   26
679   40
430   26
199   12
473   29
361   22
227   14
1644   100
328   20
325   20
394   24
299   18
437   26
196   12
425   26
325   20
393   24
455   28
198   12
661   40
265   16
423   26
458   28
324   20
328   20
262   16
369   22
326   20
423   26
229   14
292   18
458   28
294   18
397   24
393   24
486   30
424   26
228   14
294   18
474   29
236   14
294   18
292   18
295   18
262   16
292   18
392   24
429   26
265   16
394   24
555   34
492   30
326   20
261   16
233   14
430   26
324   20
1630   100
340   20
422   26
226   14
260   16
393   24
554   34
425   26
237   14
325   20
422   26
389   24
161   10
456   28
228   14
233   14
228   14
456   28
228   14
471   29
362   22
553   34
1635   100
195   12
298   18
328   20
327   20
262   16
324   20
653   40
329   20
260   16
1642   100
325   20
388   24
1635   100
163   10
419   26
1641   100
393   24
292   18
455   28
1635   100
295   18
1643   100
490   30
1637   100
295   18
1624   100
457   28
297   18
458   28
355   22
307   19
484   30
421   26
277   17
340   20
211   13
322   20
645   40
420   26
195   12
298   18
398   24
421   26
419   26
651   40
323   20
425   26
328   20
355   22
229   14
386   24
358   22
550   34
264   16
266   16
292   18
420   26
292   18
327   20
295   18
296   18
274   16
336   20
1646   100
293   18
338   20
339   20
195   12
230   14
195   12
264   16
162   10
290   18
1625   100
289   18
292   18
258   16
326   20
289   18
393   24
327   20
290   18
645   40
163   10
386   24
423   26
293   18
289   18
227   14
257   16
389   24
309   19
225   14
325   20
229   14
1625   100
322   20
227   14
261   16
471   29
194   12
306   19
289   18
388   24
1631   100
223   14
195   12
384   24
228   14
192   12
229   14
427   26
401   24
225   14
1620   100
425   26
237   14
305   19
389   24
275   17
325   20
260   16
326   20
230   14
549   34
224   14
1619   100
364   22
291   18
257   16
227   14
290   18
226   14
305   19
309   19
1622   100
290   18
257   16
309   19
1627   100
355   22
357   22
293   18
455   28
421   26
323   20
354   22
225   14
1626   100
450   28
320   20
1627   100
1624   100
263   16
264   16
324   20
421   26
227   14
259   16
484   30
454   28
423   26
385   24
418   26
386   24
485   30
261   16
295   18
327   20
292   18
416   26
305   19
421   26
423   26
434   26
290   18
321   20
290   18
355   22
417   26
182   11
163   10
317   19
350   20
226   14
407   25
324   20
193   12
297   18
425   26
259   16
292   18
291   18
644   40
195   12
452   28
260   16
359   22
392   24
259   16
258   16
422   26
1634   100
322   20
407   25
420   26
389   24
294   18
212   13
501   30
427   26
230   14
292   18
361   22
327   20
268   16
274   16
1699   100
339   18
453   26
335   20
463   26
304   18
340   20
284   17
231   14
1679   100
1680   100
397   24
294   18
400   24
262   16
296   18
432   26
449   26
445   26
491   30
391   24
196   12
324   20
655   40
204   12
262   16
426   26
295   18
265   16
266   16
327   20
424   26
563   34
293   18
229   14
489   30
278   17
395   24
228   14
300   18
426   26
329   20
336   20
335   20
332   20
500   30
432   26
553   34
291   18
233   14
294   18
295   18
420   26
290   18
291   18
1630   100
1622   100
294   18
266   16
311   19
