47   18
52   20
65   26
65   26
51   20
60   24
64   26
65   26
250   100
47   19
33   14
47   20
37   16
61   26
39   16
43   14
60   14
76   24
59   16
49   20
35   14
55   19
50   20
41   16
40   16
65   26
56   20
41   16
67   26
41   16
65   26
61   24
44   18
65   26
36   14
41   16
62   24
251   100
62   24
250   100
49   20
49   20
32   13
40   16
50   20
100   40
46   18
46   18
57   20
45   18
49   20
25   10
25   10
39   16
43   17
50   20
36   14
45   18
45   18
30   12
41   16
66   26
45   18
50   20
61   24
84   34
40   16
99   40
66   26
51   20
45   18
251   100
25   10
45   18
55   22
61   24
66   26
70   26
37   14
52   20
44   18
86   34
73   29
44   18
45   18
67   26
46   18
66   26
25   10
37   14
27   11
74   30
64   26
49   20
75   30
45   18
42   16
37   14
76   28
64   24
80   29
45   17
40   14
54   20
42   16
49   20
61   24
49   20
60   24
65   25
56   22
69   28
60   24
39   16
44   18
64   26
50   20
50   20
45   18
99   40
70   26
262   100
38   14
259   100
43   17
64   26
41   16
38   14
58   24
41   16
60   18
66   26
72   29
75   26
41   16
41   16
66   26
66   26
69   26
70   26
62   24
66   26
49   20
69   28
75   30
251   100
40   16
70   28
49   20
61   24
51   20
64   26
65   26
64   26
84   34
50   20
67   26
52   20
63   26
39   16
34   12
36   14
53   20
78   20
122   16
66   11
48   12
48   10
74   14
61   18
99   26
100   26
115   40
76   26
156   26
127   26
69   18
410   100
64   16
76   26
108   22
78   20
120   26
275   100
40   16
43   16
61   24
50   20
85   26
46   18
41   16
50   20
45   18
69   26
68   26
76   28
103   34
123   26
51   19
76   28
49   20
51   20
36   14
25   10
49   18
43   16
58   22
42   16
64   24
38   14
42   16
73   28
78   28
37   14
50   18
64   24
50   20
246   100
42   16
64   26
44   18
48   20
50   20
27   11
34   14
44   18
40   16
100   40
57   22
50   18
61   24
76   30
40   16
48   18
53   20
35   14
49   18
63   24
51   20
260   100
49   20
266   100
107   40
35   14
44   18
40   16
84   34
40   16
44   18
25   10
50   20
44   18
35   14
48   20
43   18
60   24
69   28
28   10
35   14
46   18
50   20
50   20
59   24
63   26
36   14
75   30
49   20
38   14
41   16
30   12
40   16
55   22
49   20
70   28
41   16
59   24
50   20
74   30
45   17
105   40
52   20
41   16
36   14
63   26
49   18
52   18
40   14
65   26
31   12
59   24
49   20
35   14
67   26
43   16
76   30
46   18
69   25
64   26
44   18
49   20
247   100
45   18
66   26
72   29
49   20
34   14
26   10
50   19
36   14
61   24
41   16
32   12
68   26
45   16
69   26
64   24
77   30
46   18
65   26
63   24
263   100
38   14
36   14
42   16
68   26
73   28
36   14
57   22
34   14
260   100
53   20
69   26
37   14
47   18
54   20
74   28
37   14
59   22
48   20
64   24
46   18
62   24
111   40
44   18
84   34
44   18
65   26
36   14
40   16
24   10
63   26
44   18
97   40
72   29
37   12
38   16
250   100
47   18
246   100
255   100
245   100
34   14
43   18
44   18
57   24
75   30
34   14
44   18
64   26
49   20
39   16
60   24
43   18
48   20
55   22
50   20
67   28
49   20
59   24
40   16
65   26
245   100
99   40
44   18
44   18
48   20
75   30
58   24
247   100
38   14
61   24
63   26
65   26
44   18
67   26
45   18
35   14
48   18
45   18
45   14
65   26
55   22
98   40
247   100
37   15
50   20
49   20
64   26
40   16
48   18
62   26
39   16
30   12
65   26
51   20
49   20
74   30
58   24
251   100
75   30
61   24
44   18
55   22
30   12
75   30
45   18
49   20
34   14
65   26
69   26
68   26
25   10
64   26
45   18
101   40
65   26
49   20
42   16
75   26
63   25
45   18
38   16
64   26
59   24
65   24
55   22
25   10
39   16
34   14
63   26
45   18
46   18
45   18
49   20
35   14
65   26
34   14
251   100
64   26
261   100
190   78
30   12
48   18
49   20
39   16
49   20
51   20
34   14
99   40
63   26
38   16
34   14
253   100
60   24
35   14
64   26
244   100
45   18
40   16
97   40
49   20
29   12
44   18
49   20
40   16
64   26
24   10
63   26
247   100
34   14
34   14
44   18
59   24
57   22
29   10
55   22
46   18
30   12
34   14
41   16
46   18
34   14
260   100
52   20
38   14
99   40
44   18
48   20
54   20
26   10
50   20
50   20
73   28
46   18
47   17
64   26
47   18
274   100
28   11
34   14
251   100
48   19
38   14
40   16
263   100
59   24
39   16
51   18
53   20
46   18
35   14
53   20
75   26
35   14
57   20
36   14
40   16
46   18
36   14
43   17
41   16
28   11
80   30
65   26
47   16
40   16
35   14
65   26
239   100
51   18
35   14
51   20
51   20
65   26
64   26
65   26
45   18
73   29
50   20
47   18
36   14
34   12
50   20
60   24
47   19
54   20
34   14
35   14
56   20
51   14
76   26
47   18
267   100
100   28
73   20
77   20
42   14
76   26
56   17
63   24
71   29
41   16
39   16
61   24
247   100
253   100
40   16
250   100
100   40
55   22
47   19
49   20
46   19
41   16
60   24
40   16
64   26
249   100
43   18
84   34
39   16
60   24
49   20
35   14
59   24
44   18
35   14
251   100
49   20
65   26
40   16
44   18
44   18
50   20
32   13
43   16
64   26
45   18
75   30
251   100
49   20
34   14
65   26
46   18
247   100
53   22
66   26
64   26
84   34
29   11
69   28
34   14
49   20
98   40
64   26
34   14
60   24
98   40
247   100
34   14
50   20
59   24
25   10
49   18
49   20
34   14
60   24
45   18
36   14
44   18
44   18
50   20
71   28
64   26
49   20
29   12
56   22
74   30
64   26
46   19
36   14
43   18
39   16
60   24
40   16
66   26
64   26
64   26
60   24
24   10
70   28
36   15
44   18
58   24
40   16
30   12
58   24
48   20
69   28
65   26
63   26
84   34
29   11
70   28
50   20
250   100
49   20
65   24
44   18
55   22
35   14
40   16
34   14
35   14
63   26
89   34
50   20
50   20
37   14
30   10
71   26
39   14
46   18
256   100
39   15
34   12
40   14
40   14
43   12
263   100
50   20
37   14
63   24
53   18
72   24
54   19
44   18
60   22
41   16
56   22
39   16
282   100
86   34
29   10
59   20
56   18
46   14
53   22
64   26
51   18
60   16
56   17
280   100
43   14
73   26
49   20
45   18
73   26
115   40
272   100
47   14
64   22
47   19
44   18
45   18
49   20
49   20
40   16
65   26
25   10
63   26
45   18
50   20
27   11
44   18
44   18
44   18
30   12
45   18
64   26
24   10
71   28
39   15
55   18
37   15
49   20
44   18
39   16
40   16
34   14
65   26
294   100
64   26
53   18
52   18
72   24
40   16
40   16
64   26
39   14
87   26
74   26
40   16
34   14
45   18
79   26
81   26
48   18
61   24
58   20
49   16
42   14
50   20
40   16
67   26
47   15
83   28
263   100
60   24
54   22
39   16
65   24
42   17
40   16
43   18
29   12
55   22
60   24
39   16
41   16
61   24
66   26
72   26
53   20
45   18
52   18
66   26
57   20
64   26
40   16
38   14
61   24
51   18
39   16
52   18
48   20
49   20
38   16
49   20
50   20
68   28
66   26
54   22
41   16
31   12
58   24
46   18
40   16
49   20
40   16
39   16
63   26
59   24
51   20
33   12
50   20
47   18
28   10
48   19
41   14
93   34
265   100
54   18
36   14
53   20
69   26
36   14
61   20
44   18
45   18
36   12
36   14
34   14
273   100
34   14
46   18
57   20
48   19
64   24
50   16
273   100
46   18
70   26
51   20
62   24
50   20
63   26
46   18
38   12
274   100
52   20
51   20
69   26
29   11
71   26
68   26
59   24
43   16
40   16
67   26
30   10
70   24
278   100
68   26
85   28
43   14
45   14
49   16
37   14
54   18
47   18
38   14
65   26
24   10
36   14
71   29
70   18
71   22
62   18
46   16
59   24
74   30
70   26
44   18
49   20
77   30
79   28
64   26
39   16
40   16
39   16
65   26
39   16
45   18
258   100
34   14
64   26
30   12
75   26
90   34
45   16
46   18
41   16
50   20
45   18
25   10
39   16
35   14
74   26
70   28
50   20
24   10
34   14
41   16
53   20
73   26
46   18
74   26
52   20
71   26
45   18
270   100
41   16
45   16
55   17
86   28
38   14
45   18
269   100
36   14
33   11
78   29
30   12
41   16
45   18
36   14
67   26
77   28
35   14
74   26
55   20
41   14
51   20
36   14
59   20
49   18
75   26
48   18
37   14
206   78
70   26
44   16
51   20
40   16
48   16
58   20
68   26
35   14
45   18
54   22
49   20
50   20
68   26
85   28
59   20
50   20
68   28
64   26
70   25
264   100
30   12
45   18
30   12
55   22
29   12
58   24
65   26
65   26
72   29
66   26
66   26
65   26
40   16
72   29
67   26
37   14
64   24
65   26
257   100
271   100
50   20
30   12
60   24
34   14
49   20
49   20
249   100
72   29
65   26
67   26
40   16
56   22
42   17
51   20
39   14
73   28
56   22
77   28
70   26
66   26
75   30
43   17
73   28
38   14
65   24
32   12
261   100
211   78
50   20
248   100
47   16
53   20
66   26
50   20
41   16
56   22
43   17
62   24
42   16
85   34
37   14
31   12
50   20
37   14
47   18
50   20
39   16
64   26
60   24
61   24
54   20
36   14
48   18
51   20
282   100
37   14
67   24
50   18
56   22
57   20
69   26
54   20
86   34
272   100
107   40
31   12
54   20
50   20
51   20
37   15
34   12
46   18
64   24
54   20
68   26
36   14
51   20
93   26
56   18
29   10
57   19
47   18
77   26
57   22
49   18
57   20
64   26
269   100
60   26
42   18
32   14
61   26
42   18
52   12
61   24
72   26
59   22
87   34
49   20
49   20
33   13
60   24
76   30
70   28
47   18
46   19
41   16
62   24
253   100
62   24
44   18
79   24
70   26
49   20
32   13
59   24
47   19
46   18
51   20
51   20
70   28
50   14
48   18
75   28
77   28
44   18
39   16
46   18
257   100
32   13
49   18
40   14
60   20
47   20
61   26
69   29
49   20
67   20
79   26
42   17
34   14
31   12
51   20
70   26
67   26
77   30
40   16
66   26
41   16
46   18
31   12
59   24
34   14
50   20
27   11
36   14
42   17
40   16
46   18
59   24
44   18
47   18
37   14
30   12
61   24
44   18
62   24
86   34
45   18
41   16
74   26
67   26
45   18
252   100
37   14
81   30
68   26
30   12
60   24
67   26
45   18
111   40
55   20
78   28
78   26
37   14
70   26
48   18
44   16
46   18
33   12
274   100
42   16
41   16
38   14
66   26
87   28
50   18
53   20
72   26
42   16
271   100
68   26
80   30
80   30
64   26
97   26
66   24
77   26
50   18
66   26
44   18
77   28
34   12
65   22
95   28
75   26
50   18
53   20
53   22
72   26
112   40
52   20
102   40
196   78
40   16
60   24
69   28
40   16
66   26
99   40
251   100
42   16
253   100
68   26
68   26
44   16
53   18
524   100
62   16
152   40
71   18
34   11
150   26
71   16
66   20
43   16
46   18
72   26
37   14
75   30
49   17
37   14
60   24
47   19
60   24
40   16
259   100
65   26
63   26
47   18
52   20
49   19
64   26
250   100
65   26
254   100
65   26
44   18
72   29
50   20
99   40
251   100
40   16
36   14
45   18
45   18
45   18
45   18
34   14
51   20
77   26
39   16
61   24
48   19
46   18
35   14
50   20
68   26
54   20
44   16
32   12
38   14
77   26
65   26
64   26
29   12
37   16
47   20
266   100
38   16
48   20
39   16
39   16
66   26
53   22
64   26
44   18
41   17
49   20
31   13
45   18
73   28
45   18
50   20
64   26
24   10
35   14
72   29
63   26
39   16
248   100
61   24
52   20
44   18
86   34
37   14
47   18
55   22
63   24
50   20
41   16
70   28
40   16
64   26
50   20
60   24
66   26
35   14
64   26
63   24
64   26
91   34
44   16
47   18
67   24
34   14
45   18
35   14
56   20
50   20
49   20
41   17
40   16
67   26
47   18
35   14
46   18
56   22
61   24
83   34
41   16
55   20
40   16
31   12
50   20
50   20
39   16
27   10
60   24
45   18
74   29
51   20
264   100
41   16
66   26
45   18
84   34
47   17
35   14
31   12
37   14
42   14
44   14
80   26
38   14
62   25
43   18
39   16
72   28
101   40
28   12
28   12
270   100
63   26
48   20
44   18
49   20
247   100
57   18
40   16
39   14
53   20
72   28
35   14
66   26
67   26
25   10
51   20
252   100
71   28
51   20
44   18
50   20
50   20
61   24
65   26
45   18
43   16
51   20
45   18
100   40
59   22
100   40
50   20
44   18
71   29
43   17
37   15
50   20
45   18
67   26
49   20
45   18
30   12
67   26
39   16
50   20
247   100
59   24
50   20
50   20
40   16
69   28
25   10
65   26
45   18
49   20
46   18
30   12
35   14
45   18
57   22
69   28
50   20
42   17
45   18
50   20
248   100
41   16
48   18
59   24
44   18
34   14
30   12
49   20
50   20
44   18
44   18
248   100
57   22
45   18
49   20
45   18
40   16
70   28
49   20
43   17
26   10
53   22
248   100
51   20
83   34
45   18
100   40
54   22
64   26
45   18
44   18
64   26
45   18
50   20
74   30
65   26
49   20
45   18
64   26
40   16
45   18
64   26
52   20
64   26
40   16
65   26
252   100
36   15
49   20
48   20
66   26
46   18
50   20
64   26
50   20
44   18
50   20
40   16
59   24
50   20
35   14
60   24
44   18
34   14
69   28
49   20
49   20
49   20
60   24
52   20
66   26
46   18
64   26
40   16
46   19
86   34
72   28
64   26
62   24
249   100
39   16
40   16
103   40
44   18
44   18
51   20
29   12
70   26
65   26
45   18
48   19
70   28
73   29
250   100
64   26
75   30
44   18
64   26
44   18
50   20
44   18
60   24
32   12
42   16
45   18
65   26
35   14
65   26
64   26
45   18
49   20
39   16
40   16
65   26
25   10
75   30
252   100
55   22
35   14
85   34
24   10
75   30
42   17
46   18
258   100
65   26
40   16
55   22
41   16
65   26
66   26
49   20
46   18
32   12
40   16
40   16
47   18
40   16
255   100
45   18
51   20
39   16
40   16
67   26
41   16
66   26
100   40
40   16
55   22
42   17
56   22
47   19
70   28
52   20
49   20
45   18
31   12
250   100
58   22
258   100
45   18
255   100
35   14
44   18
48   18
39   16
44   18
58   24
59   24
245   100
46   18
43   18
59   24
67   24
101   40
46   18
99   40
52   22
63   26
44   18
48   19
252   100
25   10
35   14
66   26
48   20
45   18
61   24
51   20
61   20
76   30
62   24
54   22
71   26
45   18
58   24
62   24
39   16
44   18
34   14
44   18
52   22
28   12
43   18
45   19
56   24
50   20
58   22
103   40
67   26
53   20
39   16
35   14
44   18
25   10
24   10
28   11
41   16
60   24
66   26
65   26
29   12
39   16
39   16
65   26
63   26
40   16
54   22
62   26
100   40
45   18
247   100
64   26
54   22
47   18
45   18
58   24
40   16
30   12
59   24
73   30
84   34
65   26
35   14
41   16
99   40
45   18
35   14
40   16
29   12
65   26
40   16
36   14
53   22
66   26
53   22
41   16
46   19
48   19
98   40
44   18
42   17
49   20
78   30
55   20
260   100
40   16
253   100
58   24
49   20
30   12
74   30
84   34
49   19
59   24
51   20
44   18
101   40
39   16
55   22
71   29
25   10
64   26
65   26
44   18
48   20
248   100
85   34
25   10
65   26
65   26
44   18
39   16
62   24
36   14
64   26
44   18
44   18
74   30
44   18
49   20
29   12
59   24
65   26
45   18
42   17
50   20
76   30
59   24
65   26
44   18
39   16
59   24
59   24
251   100
39   16
34   14
35   14
251   100
51   20
72   26
73   29
50   20
55   18
76   28
91   34
59   24
258   100
65   26
44   18
65   26
35   14
64   26
31   12
34   14
45   18
51   20
65   26
64   26
71   26
48   18
315   100
111   34
46   17
73   20
87   29
45   18
44   18
44   16
45   18
40   16
57   22
40   16
54   22
25   10
65   26
64   26
35   14
35   14
99   40
65   26
40   16
40   16
29   12
56   22
106   40
31   12
48   18
36   14
46   19
40   16
58   24
52   20
50   19
70   26
46   18
71   28
48   18
99   40
66   26
40   16
100   40
54   22
72   29
49   20
44   18
48   19
63   26
46   18
59   24
64   25
45   18
46   18
29   12
60   24
44   18
60   24
36   14
41   16
88   34
248   100
66   26
64   26
85   34
249   100
102   40
50   18
62   16
36   14
85   18
261   100
75   30
61   24
46   18
55   22
62   24
70   26
112   40
76   28
97   34
69   18
29   10
263   100
61   24
40   16
45   18
46   18
25   10
54   18
71   26
73   26
49   18
52   20
49   20
77   30
69   28
40   16
78   26
56   18
69   26
78   24
52   18
57   18
82   26
96   30
56   20
93   34
85   34
100   40
44   16
39   16
46   18
44   18
70   28
35   14
39   16
40   16
55   22
40   16
250   100
45   18
66   26
39   16
35   14
45   18
46   19
249   100
50   20
40   16
36   14
44   18
50   20
59   24
72   28
70   28
39   16
60   24
44   18
67   26
100   40
54   22
72   29
49   20
44   18
39   16
35   14
40   16
249   100
46   18
65   26
64   26
46   18
35   14
61   24
63   26
252   100
40   16
49   20
39   16
34   14
65   26
64   26
35   14
51   20
47   19
37   14
52   20
53   20
77   28
40   16
250   100
47   19
39   16
65   26
59   24
266   100
83   26
76   26
57   19
49   18
64   26
99   40
