710   18
3611   100
511   14
498   14
640   18
427   12
645   18
855   24
576   16
643   18
569   16
608   17
859   24
3592   100
574   16
650   18
3573   100
936   26
856   24
744   18
589   16
3817   100
513   14
595   16
897   24
431   12
499   14
872   24
726   20
429   12
502   14
713   18
642   16
3618   100
433   12
3720   100
1085   29
980   26
750   19
633   16
537   14
784   20
553   14
714   18
759   20
3934   100
760   20
903   24
935   26
1457   40
577   16
685   19
929   26
508   14
656   18
680   18
513   14
513   14
2816   78
533   15
878   24
939   26
715   20
594   16
523   14
618   16
700   18
3834   100
799   20
698   18
746   20
856   22
655   18
554   15
428   12
868   24
962   26
1270   34
4047   100
953   20
8680   100
1318   28
1348   18
672   14
1513   20
617   16
1502   20
1221   26
938   26
3641   100
721   20
572   16
579   16
3647   100
600   16
648   18
782   22
640   18
1101   30
518   14
375   10
1083   30
1281   34
1066   28
764   20
530   14
812   20
683   18
802   22
698   16
713   16
614   14
948   26
632   17
972   26
667   18
749   20
1260   34
673   18
598   14
3684   100
3808   100
1035   28
1054   29
701   18
3786   100
3709   100
448   12
1118   30
995   26
785   20
781   20
1090   30
1000   26
959   26
651   18
3754   100
3791   100
1150   30
816   22
745   20
613   16
402   11
1160   30
880   24
3660   100
798   22
1142   29
1024   26
578   16
519   14
592   16
503   14
663   18
859   24
657   18
573   16
646   18
929   26
709   20
646   18
930   26
926   26
792   22
711   20
927   26
644   18
869   24
645   18
648   18
652   18
577   16
933   26
650   18
587   16
1193   28
678   18
660   18
1058   28
600   16
683   18
588   16
529   14
563   15
1091   26
590   14
756   18
694   18
583   14
895   19
881   20
5673   100
661   14
1044   26
552   14
530   14
369   10
1046   26
621   17
443   12
952   25
579   16
1515   40
666   18
1018   26
745   20
1075   26
1058   26
671   18
874   22
956   24
628   16
698   19
730   20
3871   100
706   18
886   24
761   18
901   24
735   20
703   18
439   12
874   24
806   18
2995   78
1166   30
963   24
1007   26
617   17
987   26
739   20
1390   34
947   26
583   16
982   26
943   26
503   12
1061   28
711   18
669   18
3907   100
857   22
1120   22
749   16
1125   26
829   22
1022   26
1294   34
593   14
730   20
739   20
1043   24
1011   26
1101   26
1108   22
599   16
3861   100
3948   100
1150   24
1269   20
1398   24
778   16
785   14
769   14
5304   100
961   22
1097   26
732   17
835   20
824   20
923   20
647   16
3961   100
1107   26
1053   24
4433   100
4113   100
746   18
438   11
618   16
1151   28
796   20
558   14
1193   30
1055   26
387   10
979   24
793   20
517   12
696   17
1112   26
970   12
1605   26
1334   20
1738   30
1037   18
1003   20
758   18
512   12
1055   24
748   16
712   16
933   18
1481   26
4521   100
1233   26
802   18
4545   100
605   14
836   20
1071   26
638   14
730   16
1246   26
1204   26
762   16
873   18
1173   20
820   16
1202   26
916   20
1082   22
917   20
867   20
867   20
774   18
658   14
859   18
807   18
1106   24
740   16
992   18
1116   24
1365   26
1365   28
1326   26
1109   20
760   14
4440   100
1514   34
1252   26
713   16
796   18
634   14
1234   24
1150   24
994   20
811   18
1964   40
610   14
939   20
1047   24
850   20
1070   24
3877   100
648   18
3712   100
506   14
400   11
879   24
1547   40
671   18
808   22
734   20
626   16
478   13
749   20
605   16
1027   26
943   22
992   17
1534   24
1133   20
2451   40
1437   24
1097   26
707   18
857   22
702   18
4132   100
1224   30
4175   100
3989   100
813   20
717   18
782   20
721   18
804   20
564   14
787   20
1127   26
719   18
448   11
810   20
4392   100
1569   40
658   16
743   14
1017   20
1472   20
1126   18
789   18
763   18
885   18
854   20
736   16
1613   40
4068   100
828   20
762   18
527   12
904   22
1193   26
1406   25
737   16
773   18
808   18
595   14
1309   30
697   16
902   20
1112   26
1863   40
984   22
698   16
764   18
614   14
906   22
1779   40
1042   24
1297   26
1162   26
848   20
1752   40
1033   24
662   16
1225   26
903   20
994   22
892   18
663   14
1307   20
4763   100
1154   26
600   14
896   20
566   14
4584   100
1145   26
4107   100
1148   26
1081   26
440   10
921   20
1005   18
4792   100
830   17
525   10
705   16
1136   24
1426   26
902   19
958   18
1089   19
1647   26
729   16
799   20
693   18
583   14
682   16
1133   26
535   14
626   16
662   16
664   16
851   20
4005   100
1032   26
694   18
1025   26
720   18
563   14
798   20
661   16
848   20
806   20
522   14
680   18
639   16
975   24
1077   26
998   24
1055   24
925   20
574   14
662   16
1038   24
531   14
788   18
1161   28
548   14
800   20
600   15
712   18
883   20
3923   100
1626   40
464   12
674   18
719   18
912   24
769   19
1009   26
1020   26
1373   29
893   20
5187   100
627   16
1047   26
736   18
1050   26
790   14
652   18
446   12
664   18
592   16
1300   34
613   16
1202   29
913   24
726   20
506   14
783   20
655   18
658   18
519   14
732   20
1098   30
577   16
784   20
879   24
656   18
950   26
753   20
5923   100
1580   26
1455   28
681   16
572   14
774   20
4195   100
732   18
824   20
1026   24
659   16
870   18
1070   26
1061   26
973   24
1067   26
758   18
663   16
641   14
1165   26
1090   26
926   20
471   11
1470   34
718   16
1292   28
829   20
642   16
812   19
802   20
1076   26
495   12
1304   30
711   16
978   22
906   18
4483   100
594   14
953   18
1199   26
1200   28
891   20
606   14
658   16
1641   40
4348   100
1043   24
781   18
4223   100
705   18
1038   26
1330   34
1069   26
509   12
880   20
853   20
4378   100
1203   18
1290   20
1263   28
786   19
1066   24
610   14
855   20
1044   24
725   16
817   19
762   18
546   12
1067   24
1239   29
1288   28
606   14
1793   40
734   18
573   14
961   24
1169   26
712   18
632   16
1151   28
1079   24
922   22
671   16
4247   100
1122   26
756   14
1206   26
747   16
666   16
690   16
498   12
576   14
741   18
440   11
1026   24
800   19
758   18
991   24
763   17
838   20
830   20
772   18
1215   28
752   18
756   18
831   20
643   16
493   12
800   19
826   19
1494   34
787   18
1055   26
704   18
545   14
647   16
528   12
863   20
767   18
1108   26
789   18
766   19
983   24
1077   26
638   16
746   18
752   18
769   18
838   20
1044   26
628   16
861   22
1063   26
639   16
704   16
994   24
4123   100
1124   28
711   18
494   12
4173   100
659   16
770   20
680   18
1021   26
794   20
1069   28
546   14
791   19
1073   24
834   20
990   24
1643   40
769   20
1059   26
683   14
783   18
989   22
1016   22
938   20
512   12
779   20
624   16
3080   78
988   26
687   18
936   24
700   18
990   26
737   18
5139   100
1248   24
653   10
913   16
1046   18
1062   16
762   14
859   18
858   20
679   16
778   18
1026   22
948   22
471   12
628   16
567   14
766   20
1049   26
1068   26
725   18
1436   34
1267   30
1148   26
727   18
952   24
623   16
3963   100
834   18
1004   22
1108   26
1029   26
850   20
963   22
1420   34
1246   28
757   18
538   14
1024   24
1105   26
770   20
714   18
599   14
1033   24
1092   26
880   22
702   16
771   18
795   18
687   16
1363   24
1251   26
1061   20
901   18
1016   24
831   16
750   18
730   18
521   12
1288   29
472   12
3217   78
726   16
462   12
676   16
4325   100
592   14
689   16
742   16
605   14
1211   28
1094   24
623   14
1432   29
739   16
1069   24
1218   29
678   16
836   18
783   20
849   20
866   20
719   18
539   14
4019   100
883   20
1089   26
1214   30
805   19
783   20
534   12
718   16
683   14
1026   24
1208   28
1179   26
408   10
1102   26
1153   26
1015   24
849   20
877   20
737   17
760   18
647   16
1803   40
1002   24
3694   78
1554   24
1268   26
1768   30
1286   20
1351   20
658   14
1099   20
1648   24
1060   20
2374   34
1380   18
1448   26
1603   26
1938   30
959   18
748   14
6170   100
1130   18
1134   18
1451   22
992   14
2666   40
1566   26
1010   16
1324   20
1020   18
1264   19
1894   26
1290   20
1371   19
1051   18
1216   18
1606   26
1142   16
918   16
1162   18
807   16
624   14
646   14
1209   26
1152   24
1039   24
797   18
4432   100
4392   100
1353   26
926   18
999   18
877   16
1241   17
1042   18
798   18
648   16
489   12
4191   100
1172   24
464   10
1058   18
3756   100
1158   28
950   26
723   20
517   14
518   14
510   14
438   12
506   14
1068   28
406   11
581   16
733   20
586   16
819   22
662   18
913   24
600   16
684   18
951   26
391   10
803   18
522   11
975   24
637   15
820   18
884   24
917   24
1035   28
1011   26
942   26
1023   28
662   18
763   20
727   20
620   16
598   16
875   24
577   16
509   14
747   20
656   18
3693   100
735   20
507   14
670   18
931   24
591   16
942   26
543   15
679   18
431   12
866   24
635   16
729   20
887   24
799   22
969   26
877   22
4051   100
902   20
1133   26
706   18
962   26
644   18
935   26
930   26
715   20
505   14
573   16
882   24
812   22
754   20
974   26
1086   30
728   20
947   26
520   14
690   19
857   24
732   20
517   14
718   20
3695   100
860   24
1276   34
748   20
593   16
986   26
951   26
544   15
518   14
592   16
870   24
939   26
674   18
814   22
411   10
802   20
837   22
529   14
570   15
876   24
879   24
721   20
516   14
969   26
550   14
572   16
573   16
662   18
667   18
1005   28
444   12
962   26
655   18
3664   100
581   16
867   24
931   26
648   18
734   20
661   18
501   14
799   22
1012   28
819   22
750   20
621   16
677   18
650   18
3760   100
966   26
1165   30
493   13
583   16
1027   28
434   12
740   20
447   12
749   20
475   13
1346   34
396   11
944   26
655   18
962   26
619   16
650   18
649   18
502   14
741   20
814   22
959   26
970   26
700   18
689   18
612   16
686   18
715   20
716   20
724   20
933   26
717   20
731   20
728   20
505   14
715   20
654   18
617   16
720   20
612   16
973   26
719   20
1022   28
937   26
430   12
646   18
645   18
868   24
941   26
509   14
3668   100
655   18
508   14
518   14
3697   100
647   18
1294   34
671   18
658   18
737   20
972   26
651   18
820   22
678   18
957   26
883   24
700   18
3660   100
673   18
634   17
658   18
653   18
656   18
1098   30
1049   28
451   12
687   16
1052   26
836   22
794   20
603   16
1197   28
750   16
721   19
754   20
1091   28
575   16
585   16
580   16
726   20
895   24
1066   29
961   26
762   20
660   18
650   18
965   26
807   22
503   14
654   18
442   12
903   24
1010   26
751   20
684   19
718   20
3587   100
932   26
572   16
575   16
934   26
714   20
930   26
721   20
653   18
655   18
933   26
932   26
789   22
861   24
720   20
719   20
502   14
721   20
740   20
956   26
1082   30
646   18
859   24
1003   28
504   14
930   26
583   16
432   12
859   24
3607   100
864   24
3586   100
721   20
612   17
2800   78
860   24
687   19
512   14
790   22
942   26
1039   29
717   20
943   26
583   16
1467   40
737   20
869   24
579   16
728   20
364   10
716   20
930   26
1074   30
931   26
357   10
720   20
719   20
715   20
868   24
931   26
500   14
719   20
795   22
429   12
3585   100
647   18
649   18
714   20
929   26
931   26
3587   100
649   18
645   18
571   16
1438   40
1076   30
715   20
721   20
643   18
502   14
430   12
1008   28
648   18
1002   28
649   18
929   26
645   18
573   16
2820   78
862   24
717   20
941   26
791   22
608   17
937   26
682   19
931   26
867   24
646   18
652   18
788   22
652   18
857   24
360   10
645   18
867   24
1438   40
935   26
643   18
938   26
650   18
575   16
501   14
3589   100
3617   100
503   14
646   18
952   26
733   20
866   24
1039   28
784   20
576   14
792   20
1252   28
659   18
3699   100
682   19
514   14
652   18
688   19
890   24
508   14
481   13
582   16
646   18
573   16
719   19
654   18
428   12
642   18
501   14
578   16
500   14
3631   100
1209   28
1037   26
724   20
859   24
678   19
956   26
653   18
472   12
654   18
741   20
1255   28
830   22
935   26
719   20
642   18
501   14
892   24
767   20
820   22
1027   28
579   16
873   24
738   20
3666   100
1061   29
581   16
656   18
554   14
3661   100
930   26
717   20
778   20
684   18
1544   40
994   26
960   26
575   16
720   20
696   19
623   16
1215   26
1115   29
604   14
916   24
1262   34
592   16
3700   100
649   18
595   16
512   14
502   14
573   16
690   19
503   14
451   12
645   18
720   20
713   20
937   26
868   24
793   22
430   12
3815   100
1075   26
521   14
1033   28
448   12
728   20
766   20
1463   40
589   16
962   26
663   18
788   22
1023   28
802   20
671   18
3640   100
502   14
859   24
571   16
610   17
678   18
464   12
936   26
643   18
653   18
1073   30
3669   100
649   18
582   16
886   24
665   18
574   16
689   18
523   14
945   26
951   26
683   18
926   17
668   16
975   26
452   12
748   20
3766   100
964   22
990   24
849   20
729   14
1259   26
999   19
1168   20
939   24
451   12
1024   26
738   20
3812   100
665   18
556   15
546   14
620   16
980   26
722   20
3676   100
1027   28
649   18
720   20
715   20
1094   29
644   18
643   18
1003   28
455   12
1050   29
729   20
947   26
675   18
573   16
3638   100
1429   40
748   20
375   10
429   12
716   20
864   24
575   16
1475   40
920   25
649   18
894   24
724   20
647   18
716   20
503   14
679   18
432   12
3619   100
721   20
1219   34
377   10
553   15
363   10
873   24
716   20
572   16
680   18
1089   30
937   26
576   16
3639   100
943   26
933   26
1245   34
780   20
3719   100
573   16
575   16
716   20
756   20
938   26
859   24
656   18
528   14
3667   100
719   20
647   18
659   18
361   10
823   22
806   22
932   26
1086   29
783   20
1013   28
648   18
1266   34
1435   40
578   16
647   18
774   20
432   12
512   14
3646   100
935   26
961   26
788   22
930   26
950   26
644   16
796   22
953   26
765   20
596   16
440   12
649   18
523   14
748   20
734   20
1096   30
1225   34
862   24
1279   30
1096   18
926   20
521   14
790   20
980   26
376   10
1308   34
584   16
597   14
747   20
752   20
748   20
1026   24
766   20
938   26
966   26
948   26
1047   29
655   18
521   14
1017   28
953   26
525   14
671   18
802   20
738   20
663   18
437   12
666   18
1048   28
794   22
797   22
658   18
522   14
3655   100
870   24
935   26
731   20
741   20
937   26
431   12
727   20
369   10
591   16
684   19
794   22
1084   30
965   26
681   18
3697   100
591   16
733   20
625   16
512   14
1021   28
728   20
671   18
726   20
655   18
508   14
720   20
591   16
630   17
678   18
1044   29
1066   28
1052   28
1011   28
3642   100
1100   30
3643   100
645   18
718   20
735   20
955   26
942   26
653   18
937   26
452   12
586   16
507   14
945   26
1149   30
1260   34
577   16
512   14
1081   29
515   14
742   20
1492   40
670   18
504   14
733   20
869   24
1509   40
659   18
727   20
664   18
666   18
3705   100
976   26
986   26
958   26
520   14
578   16
868   24
723   20
1047   26
745   18
964   26
1002   28
1049   29
1005   26
574   12
992   18
1202   26
1114   28
921   24
724   20
685   19
947   26
805   20
580   16
731   20
739   20
1065   28
665   18
887   24
741   20
979   26
751   20
907   24
530   14
926   24
966   26
655   18
749   20
698   18
1098   28
988   26
453   12
1002   26
579   16
749   20
4030   100
949   26
985   26
964   26
711   18
597   16
650   18
871   24
1015   26
522   14
875   24
879   24
1245   34
1436   40
1023   20
772   20
3678   100
397   11
376   10
681   18
849   22
400   11
441   12
667   18
935   26
738   20
717   20
788   22
932   26
668   18
699   18
603   16
954   26
953   20
669   14
626   16
1032   28
3610   100
516   14
442   12
644   18
576   16
715   20
721   20
737   20
649   18
502   14
360   10
646   18
1031   28
404   11
1016   28
510   14
502   14
595   16
948   26
649   18
1224   34
661   18
790   22
955   26
696   18
1109   29
819   22
776   18
1252   30
742   20
724   20
3666   100
647   18
964   26
960   26
1479   40
1059   28
907   25
3761   100
721   20
612   17
936   25
959   26
718   16
947   26
660   18
659   18
686   18
725   20
985   26
1012   26
799   19
769   19
618   16
619   16
1072   26
1825   40
996   26
660   18
714   20
723   20
604   16
940   26
717   20
619   17
942   26
990   26
586   16
537   15
1474   40
507   14
663   18
739   20
406   11
894   24
438   12
438   12
511   14
3673   100
1088   26
1496   40
766   20
507   14
670   18
862   24
581   16
864   24
505   14
686   19
859   24
1010   28
935   26
1028   25
1049   29
432   12
879   24
515   14
1022   28
728   20
577   16
651   18
791   22
892   24
948   26
507   14
3741   100
654   18
731   20
589   16
601   16
3784   100
516   14
1180   30
654   18
584   16
441   12
863   24
503   14
503   14
871   24
685   19
437   12
1550   40
622   16
470   13
653   18
649   18
728   20
940   26
888   24
1063   29
691   19
1062   24
586   16
1030   28
944   26
950   26
871   24
512   14
745   20
631   16
661   18
737   20
583   16
807   22
515   14
3863   100
901   24
649   18
1267   34
968   26
654   18
3887   100
800   18
645   16
1501   40
466   12
508   14
704   18
699   18
1536   40
873   24
3625   100
653   18
631   16
581   16
764   19
727   20
439   12
626   17
995   26
621   16
780   20
897   20
728   20
508   14
686   19
645   18
3784   100
677   18
950   26
688   19
1147   28
1043   28
767   18
832   20
796   18
1084   29
909   25
1016   28
512   14
1112   30
3643   100
620   16
882   24
703   18
1037   24
582   16
759   16
970   26
1077   30
939   26
1007   28
1079   30
931   26
664   18
1021   28
1039   28
813   22
988   26
573   16
3614   100
509   14
748   20
1139   30
684   18
843   22
688   18
988   26
934   26
646   18
722   20
718   20
938   26
533   14
985   26
784   14
934   24
616   17
516   14
516   14
911   22
1082   29
999   26
966   26
1032   28
517   14
941   26
477   12
653   18
884   20
764   18
411   11
1548   40
2922   78
790   20
2991   78
657   18
1086   30
1154   30
927   24
1238   34
654   18
871   24
943   26
1087   30
1085   30
504   14
869   24
1055   29
885   24
965   26
3979   100
829   22
698   19
767   20
1030   28
1222   29
1237   20
1054   20
618   17
882   24
948   26
1003   26
817   20
599   16
657   14
680   18
836   20
535   14
503   14
506   14
924   24
954   26
394   10
464   12
514   14
655   18
944   26
991   26
1041   28
599   16
3848   100
636   16
913   24
4147   100
647   18
606   16
579   16
794   22
726   20
613   17
577   16
580   16
508   14
656   18
939   26
940   26
792   22
723   20
507   14
3655   100
1376   34
942   26
722   20
645   18
509   14
934   26
1077   30
721   20
940   26
573   16
716   20
719   20
3596   100
501   14
471   13
682   19
723   20
581   16
3650   100
658   18
656   18
1013   28
