724   18
1129   28
1611   40
1037   26
1147   29
1026   26
947   24
797   20
3947   100
750   19
796   20
870   22
952   24
1141   29
1106   28
556   14
3956   100
712   18
792   20
1024   26
712   18
987   25
946   24
1031   26
556   14
3964   100
950   24
791   20
950   24
712   18
1143   29
3960   100
711   18
1035   26
710   18
1343   34
792   20
1186   30
556   14
718   18
1027   26
647   16
1147   29
1026   26
718   18
1101   28
644   16
740   18
897   22
729   18
4012   100
710   18
1117   28
789   20
788   20
3956   100
791   20
630   16
798   20
710   18
789   20
556   14
868   22
711   18
632   16
637   16
710   18
946   24
956   24
630   16
400   10
1121   28
786   20
790   20
1030   26
1576   40
795   20
866   22
434   11
706   18
954   24
708   18
713   18
876   22
950   24
707   18
634   16
634   16
785   20
711   18
3960   100
554   14
475   12
637   16
3957   100
646   16
961   24
3978   100
630   16
792   20
710   18
1036   26
1026   26
994   25
552   14
1027   26
793   20
1589   40
553   14
773   19
1080   26
722   18
485   12
1057   26
809   20
443   11
1108   28
632   16
3966   100
475   12
949   24
401   10
554   14
1345   34
555   14
711   18
476   12
552   14
954   24
637   16
708   18
1041   26
790   20
472   12
751   19
476   12
1030   26
748   19
798   20
552   14
632   16
749   19
799   20
946   24
1030   26
437   11
1182   30
551   14
955   24
865   22
1118   28
948   24
393   10
1029   26
800   20
870   22
552   14
636   16
1116   28
1029   26
1581   40
636   16
682   16
1070   26
1091   26
838   20
967   24
3987   100
1029   26
1115   28
1104   28
793   20
557   14
831   20
667   16
1038   26
794   20
711   18
716   18
560   14
1597   40
723   18
958   24
640   16
656   16
814   20
648   16
727   18
642   16
730   18
522   13
803   20
564   14
556   14
401   10
557   14
797   20
636   16
796   20
879   22
642   16
959   24
657   16
957   24
718   18
962   24
1158   29
633   16
1604   40
794   20
1036   26
1594   40
1192   30
714   18
795   20
717   18
957   24
1111   28
901   22
1034   26
1044   26
558   14
879   22
443   11
1121   28
3999   100
1030   26
709   18
1029   26
1107   28
3975   100
794   20
789   20
712   18
950   24
552   14
1044   26
949   24
811   20
1122   28
631   16
1026   26
1036   26
1025   26
792   20
711   18
631   16
631   16
714   18
1345   34
953   24
553   14
555   14
1347   34
3167   78
637   16
1212   30
3981   100
786   20
796   20
1574   40
633   16
1027   26
1029   26
1189   30
1106   28
713   18
1579   40
715   18
638   16
789   20
951   24
751   19
1027   26
713   18
952   24
1025   26
478   12
1110   28
1579   40
949   24
792   20
795   20
711   18
634   16
713   18
717   18
793   20
679   17
639   16
1029   26
554   14
633   16
684   17
1347   34
763   19
747   18
802   20
1041   26
3971   100
479   12
1154   29
632   16
3971   100
1025   26
3964   100
632   16
634   16
717   18
555   14
1033   26
718   18
638   16
716   18
1107   26
1047   26
1389   34
733   18
800   20
555   14
793   20
631   16
633   16
554   14
715   18
636   16
553   14
712   18
1190   30
554   14
632   16
637   16
719   18
713   18
1031   26
1029   26
712   18
1351   34
1108   28
720   18
948   24
1108   28
714   18
557   14
714   18
3961   100
792   20
1197   30
1343   34
792   20
797   20
950   24
476   12
1033   26
555   14
633   16
1032   26
1033   26
475   12
796   20
632   16
1026   26
713   18
1190   30
1027   26
715   18
1027   26
791   20
3965   100
1030   26
959   24
718   18
3989   100
716   18
1194   30
403   10
634   16
1107   28
634   16
1345   34
711   18
1143   28
560   14
642   16
1039   26
498   12
583   14
800   20
481   12
789   20
3962   100
791   20
950   24
953   24
478   12
709   18
710   18
875   22
867   22
713   18
715   18
797   20
788   20
795   20
631   16
1029   26
557   14
1033   26
396   10
1041   26
1347   34
3959   100
633   16
551   14
1036   26
681   17
958   24
710   18
717   18
561   14
552   14
713   18
793   20
594   15
708   18
636   16
3961   100
792   20
1589   40
3984   100
792   20
1027   26
638   16
793   20
991   24
714   18
632   16
552   14
792   20
756   19
1150   29
553   14
636   16
1144   29
1034   26
951   24
710   18
1114   28
874   22
820   20
648   16
722   18
812   20
663   16
1221   28
1220   29
556   14
1345   34
552   14
1032   26
550   14
395   10
1190   30
555   14
1040   26
717   18
1029   26
710   18
1110   28
798   20
801   20
874   22
630   16
550   14
1031   26
870   22
788   20
1120   28
676   16
791   20
1031   26
710   18
552   14
395   10
1345   34
629   16
1345   34
793   20
1576   40
1149   29
1035   26
714   18
397   10
710   18
556   14
394   10
1104   28
3951   100
947   24
394   10
1194   30
712   18
1358   34
394   10
474   12
1181   30
3960   100
787   20
794   20
554   14
630   16
708   18
968   24
732   18
1345   34
550   14
794   20
1032   26
1027   26
709   18
1043   26
1039   26
559   14
805   20
812   20
724   18
1053   26
792   20
789   20
1030   26
393   10
1183   30
632   16
1033   26
3961   100
791   20
794   20
633   16
954   24
788   20
751   19
632   16
3953   100
1030   26
635   16
1103   28
714   18
1580   40
712   18
712   18
475   12
790   20
1028   26
630   16
788   20
793   20
1185   30
552   14
3959   100
1110   28
1029   26
710   18
552   14
633   16
871   22
953   24
559   14
864   22
1025   26
1032   26
1034   26
1190   30
709   18
1024   26
553   14
714   18
1148   29
3950   100
637   16
632   16
794   20
393   10
1182   30
635   16
633   16
399   10
633   16
1063   26
641   16
773   19
1045   26
1126   28
831   20
636   16
867   22
787   20
3957   100
749   19
711   18
713   18
793   20
594   15
719   18
1025   26
630   16
1110   28
717   18
789   20
555   14
630   16
865   22
550   14
1029   26
634   16
1349   34
1099   28
1145   29
1033   26
946   24
3955   100
1593   40
1027   26
788   20
709   18
475   12
951   24
948   24
557   14
986   25
511   13
957   24
755   19
712   18
954   24
802   20
787   20
795   20
1032   26
553   14
958   24
1026   26
1143   29
715   18
793   20
1143   29
751   19
553   14
866   22
479   12
791   20
1022   26
715   18
1025   26
953   24
559   14
393   10
557   14
1196   30
1053   26
402   10
890   22
722   18
1050   26
727   18
1111   28
945   24
1032   26
635   16
1026   26
791   20
1027   26
633   16
3086   78
3959   100
550   14
794   20
709   18
552   14
948   24
791   20
794   20
1110   28
710   18
713   18
1188   30
714   18
715   18
875   22
945   24
3955   100
3961   100
3955   100
714   18
711   18
711   18
1105   28
707   18
640   16
555   14
634   16
1026   26
634   16
787   20
792   20
638   16
788   20
791   20
955   24
1184   30
1146   29
793   20
485   12
1027   26
716   18
635   16
945   24
478   12
792   20
718   18
792   20
4019   100
562   14
569   14
644   16
610   15
873   22
714   18
716   18
3949   100
1028   26
788   20
712   18
789   20
3956   100
3964   100
787   20
794   20
474   12
3084   78
552   14
557   14
1107   28
1029   26
715   18
811   20
671   17
632   16
399   10
790   20
1025   26
871   22
3964   100
557   14
1342   34
1191   30
4016   100
1187   30
1182   30
786   20
755   19
879   22
394   10
1032   26
3954   100
793   20
946   24
708   18
711   18
1230   30
640   16
632   16
798   20
711   18
1028   26
568   14
1632   40
726   18
1041   26
1038   26
950   24
476   12
866   22
794   20
709   18
945   24
1031   26
795   20
871   22
1031   26
1022   26
636   16
1039   26
552   14
790   20
3961   100
1146   29
790   20
711   18
394   10
559   14
1187   30
1027   26
634   16
1029   26
551   14
638   16
954   24
710   18
1026   26
712   18
1185   30
1026   26
1028   26
1109   28
551   14
945   24
791   20
711   18
1106   28
554   14
1028   26
985   25
719   18
630   16
1126   28
3959   100
1594   40
816   20
1024   26
635   16
1025   26
1026   26
715   18
948   24
1588   40
950   24
790   20
715   18
1343   34
869   22
632   16
714   18
1373   34
644   16
1377   34
975   20
921   22
576   14
1028   26
709   18
512   13
716   18
718   18
799   20
631   16
635   16
788   20
713   18
515   13
633   16
633   16
1029   26
951   24
1025   26
1030   26
711   18
1031   26
954   24
1033   26
752   19
875   22
639   16
790   20
3953   100
560   14
474   12
1030   26
552   14
1582   40
549   14
1590   40
1115   28
869   22
716   18
554   14
1043   26
1622   40
991   25
712   18
752   19
870   22
552   14
794   20
552   14
480   12
949   24
3962   100
789   20
1027   26
793   20
1107   28
947   24
798   20
555   14
553   14
716   18
475   12
789   20
1032   26
946   24
716   18
631   16
636   16
710   18
557   14
890   22
796   20
974   24
1006   24
884   22
1033   26
552   14
789   20
1027   26
750   19
789   20
634   16
1024   26
951   24
709   18
634   16
788   20
476   12
1030   26
709   18
1029   26
1108   28
3956   100
632   16
714   18
634   16
721   18
3952   100
712   18
713   18
787   20
792   20
952   24
956   24
757   19
1030   26
1584   40
473   12
1029   26
712   18
1028   26
790   20
595   15
3963   100
1028   26
754   19
868   22
551   14
551   14
554   14
949   24
948   24
795   20
795   20
712   18
632   16
394   10
708   18
713   18
633   16
550   14
3959   100
554   14
882   22
1342   34
791   20
1034   26
651   16
559   14
1048   26
658   16
657   16
1111   28
946   24
789   20
634   16
791   20
556   14
707   18
789   20
632   16
553   14
3948   100
715   18
473   12
1346   34
635   16
643   16
481   12
1025   26
793   20
714   18
632   16
717   18
632   16
1028   26
950   24
723   18
3960   100
1028   26
1027   26
1028   26
3967   100
1029   26
3963   100
1036   26
632   16
712   18
1032   26
951   24
790   20
636   16
947   24
1027   26
1035   26
801   20
716   18
1028   26
946   24
630   16
638   16
1047   26
952   24
672   17
552   14
3958   100
1181   30
713   18
1041   26
747   18
640   16
995   24
3119   78
794   20
793   20
3955   100
1035   26
471   12
552   14
1026   26
712   18
636   16
1344   34
950   24
788   20
789   20
643   16
798   20
789   20
714   18
713   18
791   20
1187   30
634   16
714   18
951   24
552   14
790   20
750   19
1106   28
717   18
792   20
791   20
551   14
629   16
596   15
948   24
397   10
716   18
1580   40
1031   26
712   18
396   10
1031   26
3948   100
559   14
1188   30
1103   28
629   16
711   18
799   20
568   14
3962   100
1189   30
638   16
948   24
867   22
793   20
554   14
1027   26
3953   100
1357   34
1040   26
571   14
798   20
1220   30
596   15
883   22
712   18
788   20
396   10
789   20
870   22
1029   26
710   18
556   14
1025   26
711   18
396   10
959   24
874   22
713   18
1030   26
1026   26
1029   26
709   18
555   14
795   20
630   16
709   18
949   24
951   24
394   10
714   18
633   16
555   14
554   14
790   20
636   16
792   20
1030   26
1028   26
550   14
472   12
672   17
713   18
1187   30
1031   26
1025   26
790   20
793   20
944   24
557   14
711   18
1185   30
1028   26
796   20
636   16
793   20
712   18
551   14
788   20
1104   28
949   24
1032   26
875   22
432   11
709   18
951   24
867   22
716   18
1032   26
748   19
553   14
791   20
718   18
1030   26
1109   28
474   12
951   24
712   18
1145   29
1109   28
803   20
727   18
479   12
1005   25
4011   100
3969   100
553   14
555   14
790   20
1026   26
1029   26
1110   28
632   16
633   16
635   16
636   16
1030   26
794   20
635   16
1027   26
789   20
1041   26
794   20
1030   26
1026   26
1026   26
1028   26
656   16
602   15
1025   26
472   12
853   20
1149   29
711   18
1033   26
1027   26
949   24
1110   28
795   20
712   18
716   18
3952   100
555   14
869   22
552   14
714   18
479   12
1146   29
794   20
557   14
1187   30
717   18
1031   26
3958   100
791   20
554   14
1148   29
950   24
630   16
1341   34
3964   100
1046   26
641   16
887   20
568   14
1047   26
721   18
636   16
1109   28
552   14
398   10
753   19
873   22
871   22
631   16
710   18
793   20
1112   28
871   22
709   18
787   20
396   10
476   12
633   16
1027   26
634   16
555   14
1187   30
1030   26
630   16
393   10
794   20
715   18
630   16
1143   29
752   19
556   14
551   14
717   18
792   20
871   22
709   18
714   18
879   22
711   18
1030   26
944   24
628   16
715   18
943   24
711   18
555   14
1025   26
1025   26
951   24
3957   100
634   16
953   24
869   22
791   20
632   16
870   22
631   16
636   16
793   20
516   13
1034   26
1103   28
3964   100
630   16
1144   29
1126   28
475   12
1034   26
1342   34
709   18
1601   40
4033   100
524   13
1026   26
1033   26
789   20
1348   34
753   19
1024   26
716   18
636   16
1146   29
985   25
713   18
631   16
477   12
792   20
633   16
788   20
476   12
1150   29
555   14
1038   26
754   19
629   16
870   22
954   24
880   22
1586   40
1026   26
1026   26
632   16
552   14
1031   26
636   16
1145   29
1187   30
1030   26
712   18
1033   26
590   15
711   18
635   16
3964   100
627   16
638   16
712   18
632   16
3957   100
756   19
721   18
3963   100
631   16
557   14
951   24
708   18
1105   28
635   16
635   16
1037   26
4004   100
786   19
1059   26
811   20
1386   34
986   24
630   16
1033   26
554   14
1027   26
3961   100
790   20
473   12
712   18
631   16
553   14
1032   26
1106   28
712   18
714   18
641   16
552   14
1113   28
635   16
632   16
709   18
515   13
1107   28
553   14
1031   26
716   18
554   14
751   19
633   16
633   16
1032   26
796   20
789   20
867   22
1190   30
947   24
714   18
3948   100
1031   26
553   14
633   16
944   24
1030   26
872   22
1029   26
797   20
3968   100
797   20
787   20
788   20
3962   100
803   20
869   22
478   12
553   14
1583   40
556   14
631   16
589   15
1034   26
711   18
1109   28
1132   28
649   16
4011   100
904   22
564   14
805   20
798   18
1383   34
820   20
1025   26
1045   26
788   20
1028   26
790   20
1024   26
631   16
630   16
633   16
867   22
874   22
635   16
947   24
3086   78
1027   26
793   20
712   18
712   18
710   18
954   24
3969   100
1344   34
791   20
1028   26
1148   29
948   24
718   18
645   16
633   16
787   20
794   20
650   16
671   17
1036   26
475   12
709   18
552   14
714   18
632   16
1106   28
1032   26
3954   100
559   14
1034   26
1102   28
396   10
1030   26
949   24
955   24
1345   34
717   18
395   10
793   20
1032   26
791   20
633   16
555   14
729   18
652   16
1038   26
810   20
1626   40
986   25
520   13
1029   26
796   20
1186   30
637   16
1027   26
795   20
1028   26
675   17
1110   28
671   17
1031   26
1026   26
1030   26
1027   26
632   16
1028   26
793   20
475   12
952   24
3955   100
795   20
1031   26
3956   100
1034   26
631   16
709   18
3972   100
710   18
1349   34
1104   28
1032   26
712   18
1141   29
1031   26
1101   28
3965   100
473   12
944   24
3958   100
1023   26
724   18
951   24
1144   29
1031   26
1025   26
715   18
633   16
947   24
1078   26
1382   34
976   24
1127   28
889   22
1040   26
1108   28
717   18
555   14
709   18
791   20
789   20
1580   40
794   20
559   14
1181   30
794   20
556   14
1184   30
955   24
790   20
708   18
557   14
558   14
708   18
3962   100
793   20
551   14
474   12
793   20
714   18
787   20
754   19
484   12
632   16
1030   26
1186   30
1025   26
1112   28
1340   34
475   12
636   16
1026   26
1036   26
1032   26
711   18
637   16
1107   28
788   20
1032   26
1026   26
794   20
1029   26
550   14
707   18
635   16
794   20
551   14
1189   30
397   10
708   18
3965   100
790   20
708   18
1032   26
797   20
1106   28
1028   26
789   20
792   20
872   22
3997   100
972   24
715   18
3966   100
712   18
1025   26
795   20
792   20
630   16
1030   26
3958   100
792   20
1191   30
1028   26
1031   26
710   18
1353   34
792   20
748   19
559   14
712   18
1578   40
632   16
3954   100
3956   100
714   18
1028   26
1107   28
947   24
560   14
396   10
1026   26
791   20
714   18
554   14
947   24
634   16
1150   29
788   20
711   18
949   24
952   24
558   14
1037   26
947   24
1036   26
711   18
715   18
3967   100
1030   26
1030   26
552   14
3962   100
795   20
493   12
1052   26
968   24
682   17
803   20
1032   26
790   20
873   22
711   18
669   17
1032   26
716   18
710   18
1027   26
1044   26
711   18
1117   28
632   16
873   22
724   18
559   14
711   18
718   18
1115   28
713   18
558   14
795   20
712   18
1206   30
961   24
719   18
1604   40
641   16
963   24
716   18
640   16
638   16
806   20
4004   100
1042   26
1040   26
805   20
683   17
635   16
804   20
716   18
642   16
960   24
560   14
814   20
803   20
802   20
726   18
3960   100
1581   40
867   22
1029   26
3956   100
714   18
801   20
631   16
709   18
792   20
3962   100
800   20
803   20
862   20
730   18
804   20
488   12
1032   26
634   16
712   18
709   18
955   24
554   14
3961   100
1030   26
634   16
1341   34
713   18
473   12
672   17
637   16
1107   28
712   18
1030   26
1356   34
477   12
635   16
868   22
1186   30
1026   26
1026   26
955   24
946   24
1029   26
633   16
786   20
876   22
3948   100
1041   26
675   17
551   14
711   18
1115   28
633   16
1022   26
718   18
3949   100
474   12
715   18
710   18
710   18
957   24
398   10
789   20
1037   26
1029   26
3946   100
876   22
1341   34
3964   100
474   12
793   20
962   24
566   14
640   16
737   18
731   18
966   24
729   18
3958   100
635   16
792   20
946   24
953   24
710   18
711   18
634   16
792   20
438   11
1024   26
795   20
1033   26
709   18
633   16
557   14
708   18
633   16
641   16
476   12
631   16
1027   26
871   22
550   14
789   20
1036   26
3953   100
434   11
718   18
1028   26
714   18
722   18
628   16
552   14
552   14
954   24
713   18
550   14
951   24
3952   100
397   10
1028   26
788   20
952   24
635   16
564   14
947   24
1033   26
717   18
3967   100
868   22
868   22
1153   29
711   18
710   18
631   16
1108   28
953   24
949   24
710   18
554   14
1353   34
4059   100
821   20
958   24
755   19
713   18
682   17
1029   26
556   14
1025   26
633   16
638   16
1028   26
593   15
710   18
1149   29
712   18
718   18
954   24
711   18
962   24
474   12
592   15
635   16
638   16
712   18
709   18
793   20
3954   100
3967   100
1029   26
3965   100
793   20
634   16
1027   26
791   20
554   14
711   18
731   18
634   16
1033   26
3963   100
711   18
1110   28
750   19
874   22
719   18
640   16
3966   100
632   16
1186   30
879   22
437   11
710   18
713   18
439   11
1031   26
632   16
710   18
637   16
1579   40
818   20
555   14
980   24
1050   26
731   18
660   16
819   20
796   20
3979   100
561   14
1350   34
1042   26
715   18
3977   100
3097   78
870   22
965   24
557   14
632   16
1034   26
638   16
789   20
1027   26
1031   26
551   14
1590   40
712   18
629   16
553   14
1149   29
947   24
720   18
635   16
3959   100
1037   26
787   20
1146   29
791   20
3956   100
1192   30
956   24
877   22
951   24
754   19
441   11
869   22
709   18
1031   26
1028   26
