349   17
282   14
434   20
488   24
394   20
682   34
355   18
389   19
356   18
274   14
398   20
1549   78
355   18
511   26
312   16
355   18
508   26
400   20
590   30
1972   100
396   20
514   26
355   18
394   20
393   20
360   18
355   18
355   18
2014   100
608   29
516   26
279   14
572   28
361   18
570   28
549   28
240   12
597   30
355   18
1988   100
514   26
242   12
277   14
357   18
514   26
474   24
477   24
237   12
559   28
1979   100
592   30
356   18
343   17
318   16
485   24
1984   100
318   16
354   18
360   18
398   20
394   20
397   20
793   40
357   18
480   24
554   28
316   16
553   28
515   26
519   26
515   26
511   26
395   20
393   20
378   19
335   17
514   26
312   16
471   24
315   16
594   30
355   18
510   26
319   16
353   18
277   14
493   25
479   24
280   14
394   20
789   40
512   26
279   14
433   22
514   26
238   12
313   16
333   17
435   22
519   26
316   16
354   18
392   20
434   22
395   20
520   26
196   10
513   26
492   25
356   18
354   18
441   22
400   20
512   26
393   20
356   18
393   20
319   16
1982   100
516   26
790   40
394   20
1973   100
313   16
516   26
1988   100
315   16
512   26
234   12
360   18
552   28
392   20
514   26
355   18
315   16
359   18
397   20
277   14
236   12
355   18
513   26
314   16
401   20
472   24
397   20
275   14
316   16
335   17
314   16
357   18
397   20
276   14
315   16
336   17
276   14
392   20
395   20
360   18
399   20
391   20
317   16
276   14
472   24
414   20
818   40
517   26
479   24
490   24
500   25
519   26
396   20
380   19
513   26
476   24
318   16
511   26
277   14
354   18
512   26
312   16
319   16
275   14
275   14
393   20
395   20
320   16
398   20
275   14
402   20
593   30
214   11
394   20
394   20
395   20
318   16
396   20
236   12
355   18
318   16
314   16
278   14
394   20
481   24
1967   100
259   13
434   22
354   18
355   18
394   20
471   24
396   20
1969   100
515   26
354   18
216   11
494   25
315   16
337   17
276   14
312   16
403   20
355   18
1975   100
1968   100
395   20
522   26
399   20
517   26
313   16
1971   100
355   18
508   26
393   20
558   28
237   12
312   16
353   18
196   10
553   28
360   18
356   18
280   14
393   20
357   18
444   22
797   40
397   20
279   14
685   34
203   10
526   26
354   17
581   28
495   24
833   40
206   10
538   24
278   14
514   26
1984   100
355   18
2006   100
527   26
357   18
356   18
276   14
278   14
478   24
357   18
276   14
473   24
514   26
474   24
1987   100
515   26
320   16
315   16
335   17
513   26
352   18
358   18
1988   100
513   26
357   18
520   26
394   20
537   26
395   20
317   16
197   10
681   34
399   20
365   18
364   18
485   24
522   26
412   20
2019   100
534   26
280   14
550   28
1985   100
437   22
672   34
356   18
382   19
519   26
278   14
513   26
473   24
473   24
678   34
554   28
356   18
197   10
356   18
520   26
361   18
497   25
512   26
364   18
515   26
557   28
396   20
317   16
511   26
318   16
396   20
478   24
1979   100
600   30
315   16
314   16
355   18
394   20
319   16
1993   100
513   26
397   20
478   24
437   22
395   20
396   20
317   16
554   28
284   14
396   20
375   19
394   20
235   12
394   20
518   26
478   24
574   29
398   20
365   18
512   26
526   26
397   20
276   14
514   26
514   26
518   26
474   24
315   16
395   20
239   12
1987   100
200   10
354   18
516   26
319   16
397   20
395   20
199   10
354   18
316   16
316   16
397   20
361   18
363   18
475   24
236   12
493   25
336   17
278   14
320   16
673   34
793   40
671   34
1997   100
394   20
324   16
512   26
355   18
1991   100
279   14
672   34
317   16
396   20
336   17
480   24
280   14
515   26
317   16
2017   100
244   12
412   20
562   28
542   26
860   40
536   20
519   24
432   20
481   24
331   16
520   26
421   20
242   12
489   24
362   18
524   26
280   14
480   24
295   14
549   26
506   24
524   26
560   28
478   24
364   18
275   14
397   20
355   18
395   20
514   26
796   40
204   10
474   24
517   26
357   18
1982   100
356   18
790   40
363   18
358   18
1986   100
513   26
278   14
679   34
358   18
1993   100
237   12
476   24
564   28
278   14
279   14
395   20
515   26
516   26
521   26
363   18
296   15
278   14
317   16
240   12
316   16
297   15
405   20
2033   100
2071   100
316   16
365   18
399   20
398   20
289   14
381   19
364   16
306   12
209   10
398   19
579   28
377   18
873   40
537   26
2101   100
198   10
563   26
387   19
2042   100
513   26
399   20
442   20
453   20
2112   100
284   14
605   30
338   16
278   13
606   30
299   14
406   19
563   24
427   20
572   26
386   18
379   18
601   30
531   26
2153   100
324   16
357   18
355   18
356   18
395   20
198   10
517   26
399   20
476   24
388   19
257   13
472   24
432   22
402   20
1977   100
581   29
315   16
333   17
354   18
393   20
2081   100
514   26
361   18
375   18
521   24
450   20
541   26
409   20
564   26
451   20
492   24
322   16
380   16
2044   100
528   26
531   26
304   14
380   18
338   16
370   18
416   20
520   24
351   16
2159   100
555   26
474   18
382   18
288   14
424   20
357   18
421   18
409   20
289   14
337   16
739   34
558   26
391   18
353   17
837   40
284   14
400   20
667   30
551   26
364   16
539   24
206   10
344   16
301   14
434   20
642   30
501   24
451   20
322   16
436   20
278   14
1976   100
395   18
386   18
575   26
318   16
343   16
2080   100
1656   78
421   20
334   16
533   26
553   26
389   18
2123   100
2078   100
379   18
511   24
210   10
297   14
417   20
334   16
214   10
426   18
399   18
596   28
379   18
479   20
400   19
585   29
2201   100
281   14
415   20
373   18
365   18
647   26
523   26
531   19
711   29
329   16
383   18
318   12
563   28
549   28
367   18
232   11
245   12
502   24
620   28
446   20
400   18
383   18
399   20
2143   100
441   20
577   26
626   30
511   26
542   26
374   18
276   14
539   26
524   26
536   26
371   18
426   20
391   18
2053   100
576   26
421   20
209   10
536   26
2079   100
283   14
320   16
402   18
307   14
2131   100
594   28
491   24
477   22
535   26
2082   100
433   22
393   20
294   14
403   19
572   26
439   20
581   26
402   20
2019   100
275   14
411   18
356   18
400   20
562   28
812   40
359   18
277   14
444   22
518   26
400   20
318   16
402   20
357   18
518   26
398   20
324   16
285   14
300   15
531   26
526   26
573   26
2070   100
408   18
445   20
524   26
320   16
553   28
524   26
521   26
397   20
400   20
411   20
577   29
802   40
321   16
519   26
400   20
445   22
518   26
477   24
602   30
240   12
280   14
562   28
587   26
332   16
418   20
540   26
256   12
434   20
307   14
431   20
333   16
434   20
847   40
603   28
295   14
335   16
510   24
474   22
427   20
335   16
526   24
2114   100
538   26
490   24
379   18
736   34
205   10
2135   100
460   22
406   18
560   24
373   18
469   22
597   28
606   26
605   26
526   24
560   26
333   16
377   18
614   30
276   14
482   24
316   16
480   24
335   17
2005   100
412   20
258   12
427   20
326   14
372   18
552   26
419   20
339   16
729   28
463   22
219   10
447   22
395   20
286   14
317   16
493   24
572   26
628   28
506   20
547   26
385   17
599   24
638   24
855   40
546   24
403   18
539   24
1737   78
556   26
475   24
341   16
650   30
409   18
2130   100
400   18
505   20
448   20
396   20
514   26
277   14
682   34
397   20
2064   100
505   20
359   14
522   20
396   16
608   26
522   26
520   26
372   18
330   16
203   10
376   18
571   26
206   10
611   29
417   20
545   26
363   18
366   18
528   26
446   22
555   26
392   18
381   18
278   14
356   18
358   18
468   22
397   18
565   26
434   20
863   40
590   26
430   20
444   20
233   10
497   22
284   14
375   18
255   12
341   16
403   20
2049   100
244   12
1978   100
401   20
340   16
536   26
568   28
405   20
2094   100
340   14
607   28
580   28
815   40
531   26
404   20
328   14
565   24
403   18
750   34
602   28
488   24
564   26
551   26
244   12
278   14
337   14
381   18
379   18
441   22
362   16
364   18
373   18
346   16
463   20
608   30
268   12
550   26
539   26
478   22
559   26
560   28
2056   100
534   26
367   18
337   16
381   18
201   10
537   26
531   26
435   22
401   20
365   18
792   40
675   34
2081   100
433   22
368   18
383   18
385   18
2035   100
439   20
314   16
278   14
713   34
270   13
548   26
432   20
535   26
386   18
2205   100
396   18
2117   100
324   16
369   18
561   26
581   26
2048   100
378   18
248   12
603   28
329   16
426   20
465   20
507   24
571   26
652   26
575   28
530   26
304   14
381   18
416   20
596   28
563   26
404   20
550   26
502   22
445   20
549   26
448   20
310   14
427   20
2059   100
423   20
543   26
360   18
366   18
341   16
446   20
572   26
517   24
2125   100
396   18
446   20
421   20
263   12
525   24
495   20
428   18
2111   100
2069   100
476   24
279   14
384   19
540   26
2130   100
557   26
258   12
384   18
424   20
291   14
478   24
544   26
288   14
476   22
445   20
536   26
2019   100
2076   100
392   18
312   14
539   26
2145   100
307   14
338   16
405   18
580   28
442   22
357   18
671   34
320   16
576   29
552   28
197   10
275   14
670   34
394   20
280   14
474   24
276   14
397   20
355   18
581   29
400   20
570   29
279   14
575   29
276   14
472   24
321   16
237   12
286   14
336   16
672   30
317   16
489   24
595   28
369   18
500   24
443   20
638   29
476   24
574   28
398   20
570   28
630   30
602   30
403   20
2269   100
375   18
536   26
387   18
390   19
356   18
282   14
498   24
537   25
490   22
288   14
381   18
252   12
2125   100
354   16
397   18
591   26
565   26
251   12
523   26
239   12
365   18
416   20
655   29
298   14
423   20
539   26
403   19
347   16
818   40
491   24
573   29
316   16
561   28
449   22
505   24
341   16
611   29
545   24
275   12
353   17
364   18
568   29
357   18
275   14
471   24
518   26
568   29
1969   100
585   29
473   24
442   22
317   16
426   20
379   19
392   20
2007   100
2049   100
393   18
311   14
535   24
576   26
384   17
321   16
804   40
549   28
372   19
511   26
353   18
396   20
470   24
352   18
354   18
390   20
392   20
356   18
314   16
313   16
195   10
315   16
392   20
590   30
2027   100
484   24
482   24
284   14
358   18
517   26
366   18
250   12
362   18
438   22
591   30
314   16
395   20
272   14
353   18
319   16
376   19
313   16
471   24
277   14
276   14
474   24
401   20
233   12
470   24
512   26
507   26
316   16
235   12
477   24
354   18
394   20
352   18
395   20
237   12
519   26
394   20
353   18
392   20
274   14
315   16
389   20
358   18
591   30
352   18
589   30
512   26
1973   100
276   14
314   16
360   18
472   24
353   18
510   26
511   26
520   26
512   26
432   22
511   26
334   17
392   20
595   30
392   20
255   13
471   24
373   19
353   18
279   14
553   28
511   26
512   26
373   19
314   16
557   28
312   16
1976   100
361   18
511   26
375   19
316   16
314   16
550   28
280   14
352   18
354   18
391   20
276   14
355   18
793   40
274   14
393   20
569   29
354   18
275   14
1972   100
471   24
519   26
333   17
318   16
396   20
273   14
511   26
235   12
355   18
516   26
297   15
393   20
393   20
395   20
515   26
323   16
512   26
359   18
277   14
275   14
315   16
361   18
677   34
353   18
511   26
358   18
277   14
398   20
474   24
352   18
316   16
1972   100
670   34
393   20
356   18
474   24
398   20
314   16
313   16
474   24
354   18
513   26
399   20
393   20
236   12
392   20
513   26
314   16
403   20
197   10
354   18
317   16
330   16
398   20
281   14
527   26
602   30
323   16
473   24
361   18
358   18
381   19
369   18
397   20
354   18
322   16
196   10
1969   100
472   24
551   28
320   16
514   26
511   26
274   14
394   20
469   24
514   26
514   26
393   20
393   20
431   22
245   12
358   17
244   12
867   40
539   26
392   20
398   20
317   14
2091   100
555   26
546   26
426   20
412   18
402   18
199   10
421   20
337   16
619   30
448   22
375   18
404   20
502   25
397   19
642   28
323   14
564   28
825   40
319   16
547   26
246   12
380   18
385   18
528   25
280   14
282   14
561   28
411   20
425   18
519   24
569   26
424   20
380   18
716   34
402   20
2133   100
425   20
528   24
501   22
359   16
538   26
569   26
386   18
582   28
341   16
2116   100
370   17
596   29
421   20
545   24
199   10
287   14
402   20
399   20
684   34
522   26
382   19
521   26
566   28
2034   100
205   10
2003   100
380   19
366   18
199   10
247   12
400   20
199   10
286   14
279   14
807   40
293   14
411   14
410   18
434   20
281   14
363   18
541   26
343   16
633   30
538   26
524   26
242   12
357   18
606   30
2135   100
398   20
540   26
315   15
421   20
377   18
285   14
592   26
454   20
333   15
2231   100
448   20
497   22
244   10
596   26
2087   100
512   24
360   16
282   12
466   20
508   24
292   13
623   29
330   16
460   20
425   20
1582   78
358   16
398   20
322   16
498   24
554   26
413   20
526   25
260   12
573   26
242   12
485   24
358   18
559   26
389   19
563   26
648   28
556   26
2132   100
302   14
265   12
515   24
389   18
411   18
374   18
558   26
413   20
592   26
493   22
322   16
563   28
412   20
456   20
365   18
576   26
541   24
646   28
2200   100
379   16
349   15
234   10
474   20
624   28
423   19
431   20
426   20
494   24
383   18
237   10
431   20
376   18
411   20
378   18
471   22
364   18
534   26
443   22
394   20
287   14
373   18
366   18
349   17
243   12
525   26
403   20
242   12
325   16
281   14
364   18
452   22
399   20
199   10
584   29
359   18
367   18
561   28
318   16
279   14
440   22
401   20
486   24
374   18
2003   100
364   18
360   18
357   18
319   16
401   20
2003   100
1567   78
319   16
581   29
322   16
402   20
438   22
363   18
358   18
201   10
481   24
377   18
563   26
199   10
444   22
399   20
399   20
2042   100
400   20
323   16
420   20
629   30
512   24
681   34
325   16
368   18
243   12
409   20
675   34
472   24
350   18
354   18
375   19
553   28
472   24
276   14
357   18
593   30
473   24
397   20
234   12
354   18
787   40
520   26
358   18
360   18
314   16
356   18
236   12
513   26
551   28
361   18
196   10
435   22
511   26
478   24
274   14
433   22
368   18
666   34
279   14
335   17
1972   100
394   20
796   40
319   16
525   26
356   18
196   10
671   34
239   12
478   24
353   18
358   18
315   16
279   14
2000   100
562   28
804   40
679   34
401   20
395   20
399   20
525   26
574   28
439   22
518   26
361   18
399   20
2088   100
415   20
317   16
317   16
526   26
479   24
280   14
400   20
480   24
483   24
519   26
517   26
282   14
558   28
319   16
582   29
319   16
241   12
517   26
355   18
360   18
326   16
236   12
403   20
277   14
280   14
483   24
277   14
278   14
324   16
519   26
679   34
2007   100
358   18
397   20
286   14
279   14
583   29
595   30
439   22
1998   100
521   26
444   22
516   26
366   18
408   20
281   14
396   20
320   16
520   26
682   34
220   11
278   14
279   14
396   20
604   30
285   14
521   26
524   26
361   18
297   15
481   24
520   26
519   26
294   14
521   26
384   18
361   18
570   28
374   18
576   28
425   20
600   29
366   18
324   16
523   26
397   20
524   26
318   16
440   22
383   19
279   14
557   28
397   20
517   26
486   24
598   30
398   20
603   30
402   20
396   20
284   14
365   18
363   18
397   20
477   24
319   16
326   16
280   14
360   18
277   14
199   10
318   16
484   24
318   16
283   14
799   40
400   20
318   16
320   16
802   40
680   34
404   20
237   12
404   20
554   28
522   26
558   28
523   26
480   24
368   18
389   19
238   12
676   34
280   14
526   26
484   24
561   28
560   28
597   30
323   16
399   20
223   11
240   12
259   13
516   26
506   25
519   26
364   18
479   24
358   18
517   26
280   14
521   26
361   18
519   26
600   30
356   18
480   24
562   28
280   14
238   12
241   12
480   24
316   16
2035   100
322   16
204   10
598   29
370   18
374   18
380   18
494   24
292   14
406   20
1993   100
521   26
278   14
242   12
512   26
794   40
319   16
1989   100
2006   100
395   20
434   22
438   22
400   20
367   18
412   20
553   28
483   24
527   26
256   12
399   20
199   10
355   18
398   20
520   26
401   20
428   20
487   24
382   19
518   26
552   26
407   20
1991   100
582   29
318   16
323   16
399   20
238   12
806   40
292   14
361   18
583   29
282   14
583   29
446   22
405   20
542   26
557   28
362   18
581   29
480   24
393   20
479   24
395   20
793   40
280   14
402   20
478   24
318   16
399   20
364   18
559   28
476   24
435   22
379   19
276   14
398   20
578   29
277   14
563   28
555   28
524   26
320   16
798   40
378   19
514   26
517   26
280   14
522   26
359   18
277   14
357   18
485   24
284   14
521   26
276   14
515   26
519   26
277   14
361   18
237   12
360   18
285   14
397   20
318   16
401   20
2004   100
275   14
400   20
398   20
561   28
281   14
199   10
358   18
360   18
362   18
556   28
402   20
1992   100
322   16
481   24
481   24
2003   100
355   18
319   16
359   18
478   24
438   22
400   20
281   14
2002   100
323   16
436   22
358   18
280   14
319   16
397   20
280   14
362   18
514   26
563   28
598   30
525   26
275   14
359   18
402   20
556   28
275   14
607   30
399   20
519   26
361   18
321   16
340   16
480   24
324   16
395   20
799   40
361   18
520   26
363   18
559   28
1999   100
2002   100
284   14
364   18
515   26
518   26
579   29
319   16
404   20
277   14
2011   100
521   26
2005   100
414   20
494   24
2072   100
280   14
584   28
2042   100
394   20
399   20
319   16
278   14
400   20
279   14
278   14
196   10
358   18
380   19
1989   100
1990   100
596   30
416   20
513   26
321   16
398   20
400   20
520   26
356   18
318   16
395   20
244   12
378   19
381   19
518   26
382   19
519   26
384   19
399   20
398   20
359   18
320   16
680   34
401   20
319   16
399   20
527   26
525   26
1997   100
279   14
279   14
478   24
483   24
283   14
395   20
315   16
322   16
315   16
289   14
517   26
478   24
282   14
518   26
318   16
522   26
345   17
477   24
802   40
676   34
404   20
357   18
797   40
520   26
320   16
361   18
280   14
357   18
443   22
547   26
825   40
365   18
395   20
