75   19
110   26
106   26
44   11
71   18
72   18
72   18
115   30
73   18
92   24
53   14
65   16
71   18
70   18
78   20
69   18
93   24
69   18
38   10
78   20
63   16
62   16
61   16
61   16
77   20
100   26
78   20
103   26
100   26
94   24
421   100
200   40
57   14
50   12
50   13
131   34
75   20
99   26
60   16
54   14
99   26
45   12
61   16
99   26
69   18
77   20
92   24
102   26
80   20
387   100
38   10
57   14
53   14
81   20
92   24
77   20
54   14
76   20
69   17
98   24
72   19
76   20
390   100
154   40
50   13
63   16
102   26
388   100
38   10
54   14
101   26
108   26
50   12
111   26
82   20
61   14
424   100
70   18
55   14
68   18
94   24
99   26
101   26
100   26
99   26
97   24
78   20
77   20
110   29
46   12
84   22
38   10
107   28
115   30
106   28
53   14
68   18
69   18
56   14
54   14
109   28
131   34
86   22
70   18
390   100
77   20
101   26
40   10
102   26
74   18
43   11
109   28
107   24
121   30
76   20
54   14
100   26
46   12
69   18
77   20
93   24
110   29
45   12
84   22
76   20
93   24
105   26
76   20
75   20
62   16
85   22
69   18
54   14
41   10
127   24
101   26
76   20
53   14
105   26
63   16
71   18
54   14
69   18
54   14
84   22
54   14
100   26
54   14
70   18
53   14
84   22
46   12
91   24
70   18
77   20
79   20
54   14
69   18
110   29
78   20
389   100
77   20
94   24
117   30
79   20
98   26
77   20
77   20
109   26
62   16
40   10
79   20
70   18
76   20
53   14
61   16
54   14
68   18
64   17
114   30
76   20
53   14
77   20
95   24
112   29
46   12
77   20
60   16
109   26
45   12
60   16
113   30
76   20
93   24
68   16
92   24
102   26
84   22
100   26
116   30
46   12
60   16
56   14
69   18
77   20
387   100
70   18
69   18
110   26
108   26
154   34
89   20
71   18
119   29
95   24
106   28
69   18
93   24
394   100
85   22
124   28
55   14
62   16
72   16
62   15
85   22
62   16
57   14
108   26
113   24
76   16
112   26
85   20
91   20
118   28
115   30
93   24
77   19
135   34
136   34
101   26
111   29
74   19
73   18
94   24
95   24
70   18
48   12
77   20
69   18
119   30
47   12
104   26
76   18
80   20
70   18
65   16
307   78
70   18
100   26
62   16
129   34
102   18
121   29
95   24
74   18
70   18
53   14
85   22
99   26
97   20
142   26
138   26
94   24
76   20
71   18
69   18
75   20
76   18
84   22
68   18
69   18
100   26
80   20
93   24
68   18
54   14
73   19
150   34
157   26
80   20
83   18
99   26
70   18
97   26
68   18
69   18
76   20
116   30
97   24
63   16
383   100
46   12
81   20
53   14
53   14
78   20
68   18
60   16
385   100
92   24
48   12
99   26
54   14
55   14
46   12
53   14
77   20
97   24
39   10
104   26
85   20
55   14
64   16
73   18
107   26
55   14
93   24
65   17
114   30
112   28
85   22
79   19
108   26
63   16
75   18
399   100
61   16
68   18
63   16
61   16
55   14
69   18
78   20
61   16
62   14
104   26
103   26
384   100
68   18
54   14
77   20
51   12
57   14
67   16
100   26
38   10
93   24
384   100
53   14
48   12
64   16
62   16
101   26
132   34
65   17
95   24
71   18
57   14
84   22
69   18
84   22
100   26
78   20
77   20
53   14
62   16
78   20
46   12
75   18
74   19
61   16
61   16
101   26
99   26
118   30
73   18
109   28
94   24
72   18
94   22
81   20
53   12
123   26
425   100
104   26
109   26
70   18
62   16
102   24
104   26
79   20
309   78
106   26
95   24
86   20
56   14
74   18
78   19
55   14
48   12
83   20
104   26
64   16
390   100
47   12
71   18
78   20
71   18
107   26
115   28
62   16
85   22
75   19
69   18
84   22
344   78
58   14
94   22
39   10
73   16
103   18
72   16
80   20
90   20
132   29
82   18
78   16
95   20
408   100
175   40
127   26
39   10
77   20
72   18
70   18
115   30
107   28
100   26
68   18
84   22
61   16
77   20
107   28
72   18
79   20
78   20
91   24
77   20
46   12
100   26
61   16
76   20
53   14
92   24
70   18
129   34
99   26
72   18
108   28
68   18
58   14
55   14
62   16
98   26
92   24
54   14
100   26
64   16
47   11
85   22
75   18
77   20
114   30
114   30
107   28
78   20
70   18
78   20
71   18
62   16
39   10
101   26
53   14
63   16
61   16
382   100
99   26
76   20
69   18
118   30
100   26
46   12
69   18
69   18
100   26
106   28
62   16
68   18
75   20
381   100
93   24
100   26
62   16
96   24
53   14
158   40
156   40
79   20
55   14
107   26
75   18
68   18
83   22
39   10
103   26
76   20
92   24
62   16
54   14
53   14
53   14
62   16
78   20
71   18
396   100
78   20
92   24
104   26
134   26
72   18
52   13
141   34
100   26
54   14
77   20
77   20
73   19
152   40
78   20
80   20
139   34
112   28
63   16
71   18
389   100
100   26
99   26
100   26
62   16
77   20
46   12
77   20
91   24
388   100
79   20
70   18
54   14
100   26
107   28
53   14
61   16
93   24
147   34
78   20
92   24
383   100
79   20
98   24
93   24
100   26
62   16
300   78
77   20
54   14
77   20
65   16
101   26
70   18
153   40
69   18
109   28
78   18
76   20
61   16
94   24
67   16
75   18
78   18
121   29
107   26
106   26
65   16
79   18
108   26
73   18
108   26
71   16
114   28
106   26
118   28
100   24
112   26
108   26
117   29
71   18
55   14
62   16
77   20
69   18
80   20
47   12
61   16
71   18
54   14
113   28
86   20
86   22
95   24
69   18
104   26
39   10
102   26
161   40
70   18
55   14
70   18
78   20
117   29
57   14
109   28
69   18
93   24
385   100
93   24
46   12
102   26
38   10
77   20
62   16
63   16
62   16
113   28
62   16
73   18
48   12
104   26
112   26
78   20
62   16
71   18
102   26
102   26
54   14
70   18
56   14
69   18
70   18
73   18
74   18
69   16
101   26
102   26
113   29
113   29
54   14
66   16
74   18
49   12
88   22
63   14
399   100
62   16
81   20
86   22
80   20
81   20
102   26
104   26
78   20
46   12
86   22
80   20
69   18
65   12
78   20
72   18
103   26
81   20
106   26
79   20
76   18
70   18
55   14
39   10
63   16
94   24
61   16
104   26
72   18
117   30
78   20
114   29
72   18
79   20
105   26
66   16
99   24
86   22
112   28
56   14
92   22
64   16
73   18
64   16
70   17
74   19
104   26
103   26
71   18
189   30
88   12
57   14
71   18
79   20
39   10
121   28
421   100
88   22
99   24
408   100
86   20
69   14
63   14
112   26
73   17
139   34
111   26
87   22
421   100
56   14
79   20
55   13
71   18
76   18
77   20
55   14
117   29
405   100
88   18
99   24
83   20
106   26
123   29
74   18
75   18
63   16
57   12
94   22
78   20
104   26
97   24
110   26
74   19
81   20
106   26
62   16
55   14
117   28
85   20
418   100
392   100
100   26
63   16
69   18
100   26
79   20
390   100
387   100
39   10
100   25
63   16
94   24
61   16
117   30
100   26
109   28
92   24
94   24
111   29
47   12
109   28
77   20
99   26
102   26
42   10
101   24
71   18
62   16
62   16
53   14
78   20
42   10
62   16
85   22
78   20
77   20
93   24
77   20
156   40
60   15
39   10
102   26
54   14
387   100
392   100
91   24
78   20
99   25
61   16
77   20
53   14
85   22
85   22
48   12
102   26
55   14
54   14
101   26
79   20
70   18
76   20
101   26
392   100
61   16
54   14
68   18
66   17
55   14
38   10
76   20
63   16
79   20
60   16
101   26
69   18
94   24
386   100
100   26
71   18
98   26
54   14
77   20
47   12
62   16
155   40
407   100
68   18
384   100
62   16
70   18
119   30
99   26
53   14
62   16
54   14
46   12
77   20
111   25
62   16
75   18
78   18
55   14
65   16
64   16
57   13
112   28
97   24
63   16
78   18
81   20
79   19
70   18
401   100
134   34
53   14
93   24
111   20
64   14
72   18
64   16
112   28
98   22
78   20
117   24
80   19
82   20
87   22
411   100
69   18
61   14
72   18
97   24
94   24
115   26
418   100
83   20
82   20
74   18
95   24
72   18
107   26
77   20
81   18
67   17
92   24
96   24
95   24
74   18
102   26
101   26
77   20
104   26
81   20
171   40
79   20
76   20
98   26
394   100
101   26
55   14
53   13
392   100
69   18
384   100
62   16
129   34
61   16
69   18
107   28
130   34
62   16
85   22
69   18
53   14
52   14
63   16
77   20
100   26
394   100
54   14
44   11
108   28
93   24
390   100
78   20
99   26
70   18
100   26
100   26
100   26
63   16
71   18
73   19
156   40
77   20
61   16
69   18
71   18
392   100
56   14
79   20
101   26
53   14
100   26
100   26
78   20
107   28
64   16
99   26
101   26
61   16
77   18
77   18
470   100
103   26
69   18
85   22
414   100
52   13
431   100
106   26
64   16
83   20
414   100
92   20
56   14
57   14
112   29
104   24
58   14
84   18
67   14
105   24
69   16
74   19
116   26
407   100
79   18
48   12
423   100
112   29
78   18
127   28
102   26
90   22
76   20
54   14
51   13
55   14
56   12
59   14
47   11
76   20
61   16
94   20
67   16
93   24
93   24
387   100
77   20
62   16
101   26
98   24
49   12
77   20
114   30
107   28
77   18
54   14
69   18
99   26
106   26
101   26
62   16
97   25
70   18
61   16
93   24
131   34
78   20
70   18
78   20
70   18
156   40
108   28
62   16
113   29
62   16
94   24
440   100
432   100
84   18
47   12
93   24
94   24
46   12
62   16
106   26
71   14
56   14
80   20
69   18
73   19
70   18
133   34
62   16
69   18
93   24
69   18
39   10
75   20
53   14
72   19
119   30
79   19
106   26
132   34
108   26
72   18
76   19
72   18
102   26
55   14
127   30
47   12
58   14
91   24
84   22
66   16
79   18
78   18
46   12
73   18
87   18
178   28
138   26
82   18
66   16
92   20
109   24
461   100
107   26
53   12
325   78
41   10
40   10
47   12
76   18
106   26
83   20
72   18
82   20
76   20
54   14
77   18
70   18
54   12
87   22
117   28
71   18
71   18
98   24
92   24
76   19
105   26
97   24
49   12
68   16
110   26
100   22
54   12
69   18
93   24
399   100
40   10
105   26
104   25
142   34
410   100
117   29
63   16
69   16
406   100
52   12
73   18
83   20
394   100
70   18
121   30
64   16
65   16
85   18
162   40
105   26
102   26
80   20
101   26
85   22
79   18
79   18
99   24
72   18
67   16
78   20
77   18
69   18
68   18
61   16
57   14
78   20
62   14
70   18
111   26
73   18
50   12
72   18
84   18
69   18
70   18
115   26
67   16
107   26
396   100
107   26
59   14
108   26
79   20
115   30
110   28
77   20
100   26
442   100
72   18
47   12
76   20
111   28
76   18
77   20
76   20
102   26
112   29
73   19
64   17
99   24
90   24
83   20
101   26
105   26
77   20
54   14
446   100
78   20
69   18
78   20
73   18
76   19
62   16
39   10
79   20
62   16
109   26
102   24
406   100
117   28
64   16
61   16
111   28
135   29
68   16
99   24
46   12
54   14
77   20
54   14
70   18
79   20
393   100
44   10
80   20
112   26
60   14
116   30
100   26
103   26
81   20
74   18
103   26
112   28
90   22
55   14
95   24
67   16
77   20
58   15
152   40
102   26
53   14
100   26
76   20
53   14
106   28
70   18
101   26
76   20
153   40
98   26
53   14
61   16
70   18
56   14
93   24
90   22
70   18
63   16
60   16
65   16
54   14
78   20
53   14
72   18
51   12
70   16
95   20
78   18
72   16
118   26
104   22
106   24
124   26
80   20
108   26
111   26
100   24
88   22
76   20
54   14
107   28
46   12
393   100
92   24
79   20
100   24
130   34
102   26
154   40
53   14
64   16
135   34
108   26
68   18
54   14
77   20
130   34
61   16
84   20
71   18
61   16
96   24
78   20
393   100
72   18
53   14
107   28
76   20
92   24
60   16
101   26
126   30
132   30
397   100
63   16
74   18
76   19
55   14
47   12
54   14
133   34
94   24
76   20
54   14
125   28
69   18
99   26
69   18
54   14
108   28
139   34
111   29
62   16
84   22
99   26
70   18
101   26
62   16
69   18
61   16
100   26
85   22
64   14
120   28
80   20
46   12
69   18
68   18
111   29
62   16
94   24
78   20
80   20
101   26
71   18
46   12
55   14
61   16
388   100
102   26
85   22
154   40
51   13
54   14
69   18
61   16
417   100
79   18
69   18
62   16
110   26
172   40
62   16
85   19
51   12
86   16
80   20
175   24
94   20
108   26
65   16
65   16
67   17
93   24
130   28
62   16
70   18
62   16
39   10
79   20
104   24
69   18
101   26
101   26
106   26
80   20
78   19
68   14
87   20
82   20
111   28
70   18
70   18
71   18
73   19
63   16
83   20
71   18
60   16
72   18
100   26
66   16
70   18
101   26
71   18
70   18
78   20
100   26
70   18
100   26
54   14
63   16
80   20
61   16
136   34
115   28
106   26
415   100
89   22
108   26
75   18
66   16
58   14
105   26
48   12
78   19
92   14
84   18
118   20
76   19
66   16
73   18
38   10
84   22
391   100
100   26
55   14
78   20
100   26
110   28
70   18
54   14
62   16
157   40
100   26
102   26
64   16
112   28
79   20
70   18
111   28
77   20
58   14
56   14
85   22
394   100
93   24
103   26
107   26
108   28
113   29
103   26
69   18
72   18
55   14
133   34
65   17
103   26
71   18
103   26
98   25
112   29
102   26
50   12
78   20
407   100
47   12
72   18
80   20
56   14
73   18
103   26
72   18
75   18
55   14
105   26
99   24
82   20
65   16
89   22
63   16
71   18
54   14
82   20
89   22
69   18
61   14
63   16
55   13
108   28
76   20
97   24
76   18
54   14
61   16
100   26
400   100
108   26
133   34
57   14
92   22
115   29
106   26
71   18
102   26
77   20
110   28
133   34
62   16
69   18
57   14
52   14
78   20
80   20
71   18
85   18
101   24
71   18
99   24
104   26
63   16
133   34
74   19
101   26
102   26
112   29
76   19
384   100
70   18
61   16
55   14
61   16
63   16
60   16
389   100
102   26
79   20
69   18
156   40
78   20
72   18
78   20
55   14
98   24
102   26
166   40
70   18
100   26
54   14
101   26
82   20
100   24
46   12
102   26
100   26
110   28
69   18
61   16
101   26
115   30
109   28
63   16
54   14
80   20
69   18
60   14
82   18
55   14
46   12
38   10
112   28
93   24
123   30
301   78
78   20
79   20
55   14
391   100
53   14
105   16
58   14
77   20
383   100
47   12
82   20
104   26
72   18
118   30
42   11
71   18
65   16
70   18
70   18
387   100
99   26
84   22
68   18
52   14
69   18
160   40
113   29
91   24
100   26
68   18
90   24
46   12
85   22
55   14
46   12
62   16
55   14
69   18
112   29
63   16
93   24
61   16
108   28
76   20
69   18
389   100
67   16
101   26
53   14
107   26
53   14
46   12
65   16
57   14
70   18
154   40
111   28
80   19
56   14
309   78
394   100
100   26
54   14
72   19
117   30
101   26
100   26
38   10
69   18
54   14
53   14
67   16
54   14
101   26
63   16
69   18
154   40
65   17
81   20
69   18
85   22
68   18
93   24
78   20
70   18
99   26
115   30
116   30
154   40
61   16
92   24
62   16
61   16
77   20
386   100
93   24
102   26
383   100
96   25
156   40
134   34
65   17
73   18
100   26
77   20
384   100
62   16
69   18
70   18
101   26
91   24
101   26
112   29
70   18
70   18
69   18
84   22
134   34
99   26
101   26
69   18
102   26
63   16
69   18
55   14
102   26
62   16
61   16
100   26
69   18
72   16
93   24
54   14
54   14
78   20
53   14
63   16
99   26
54   14
54   14
102   26
62   16
101   26
105   26
58   14
93   24
100   26
119   29
74   16
119   29
55   14
92   24
62   16
116   26
81   20
91   20
107   26
90   20
76   20
62   16
61   16
70   18
63   16
62   16
53   14
87   22
55   14
102   26
101   26
76   20
38   10
70   18
77   20
68   18
77   20
390   100
78   20
72   18
107   28
65   17
114   30
70   18
78   20
317   78
42   11
85   22
386   100
69   18
39   10
70   18
389   100
85   22
71   18
71   18
77   20
47   12
92   24
70   18
40   10
81   20
91   24
90   16
450   100
54   14
79   19
106   26
63   16
84   20
82   20
45   11
412   100
59   14
107   28
76   20
59   14
114   28
78   20
75   18
43   10
64   16
102   24
77   19
74   19
123   30
51   13
105   24
125   26
76   20
53   14
61   16
68   18
79   20
81   20
102   26
67   16
122   30
72   19
115   30
91   24
91   24
102   26
79   18
68   14
77   20
54   14
84   22
54   14
69   18
61   16
53   14
110   28
52   14
112   29
83   22
61   16
92   24
69   18
61   16
98   26
61   16
53   14
77   20
68   18
75   20
62   16
53   14
96   25
54   14
84   22
98   26
71   18
99   26
69   18
75   20
76   20
72   19
115   30
90   24
69   18
64   17
61   16
68   18
75   20
88   22
46   12
101   26
91   24
61   16
385   100
38   10
60   16
76   20
54   14
55   14
75   20
76   20
75   20
99   26
381   100
109   29
53   14
107   28
46   12
381   100
103   26
76   20
75   20
53   14
91   24
62   16
108   28
90   24
68   18
84   22
99   26
99   26
61   16
106   28
92   24
67   17
106   28
76   20
85   22
69   18
62   16
130   34
152   40
68   18
90   24
69   18
64   17
62   16
69   18
84   22
65   16
68   18
98   26
69   18
91   24
99   26
99   26
73   18
60   16
54   14
76   20
111   29
46   12
77   20
91   24
54   14
76   20
62   16
98   26
46   12
69   18
60   16
46   12
129   34
61   16
98   26
70   18
76   20
52   14
100   26
62   16
76   20
98   26
65   16
68   18
