275   20
173   13
235   16
152   12
394   26
240   18
226   18
248   20
1260   100
969   78
248   20
319   26
423   34
327   26
246   20
414   34
356   29
172   14
317   26
171   14
121   10
1228   100
270   22
487   40
174   14
178   14
248   20
244   20
172   14
224   18
194   16
414   34
417   34
317   26
220   18
316   26
172   14
421   34
220   18
161   13
245   20
197   16
220   18
145   12
295   24
173   14
123   10
320   26
125   10
272   22
200   16
388   30
356   29
244   20
158   13
221   18
196   16
1250   100
197   16
301   24
348   28
221   18
196   16
297   24
968   78
295   24
224   18
196   16
224   18
249   20
199   16
298   24
248   20
326   26
346   28
222   18
223   18
161   13
249   20
247   20
222   18
426   34
318   26
220   18
319   26
224   18
316   26
341   28
305   25
372   30
246   20
176   14
245   20
220   18
245   20
194   16
199   16
147   12
171   14
357   29
320   26
209   17
243   20
171   14
1226   100
377   30
320   26
298   24
316   26
197   16
245   20
218   18
246   20
223   18
199   16
217   17
277   22
273   22
323   26
278   22
324   26
245   20
203   16
307   24
286   22
181   14
198   16
152   12
246   20
211   17
1354   100
390   30
248   20
226   18
321   26
223   18
263   20
180   14
173   14
314   25
1255   100
246   20
246   20
499   40
318   26
246   20
223   18
247   20
220   18
196   16
1223   100
219   18
226   18
348   28
294   24
222   18
171   14
122   10
1230   100
373   30
1220   100
244   20
1232   100
220   18
172   14
1265   100
173   14
231   18
324   26
222   18
355   29
350   28
225   16
209   16
1319   100
443   34
205   16
248   20
245   20
219   18
221   18
223   18
249   20
220   18
243   20
196   16
195   16
1400   100
354   26
330   24
224   14
381   26
268   20
371   26
258   19
598   40
373   24
304   24
186   14
217   16
215   16
172   14
184   14
174   14
225   18
295   24
249   20
305   24
319   26
352   28
241   18
353   28
364   29
172   14
172   14
252   20
1819   100
226   14
240   14
338   26
324   26
317   26
146   12
345   28
150   12
204   12
201   16
321   26
315   26
220   18
126   10
332   26
255   20
228   18
226   18
337   26
261   20
152   12
230   18
198   14
455   20
556   28
322   24
251   20
227   18
248   20
376   30
175   14
352   28
493   26
277   20
190   15
329   26
255   20
149   12
213   16
482   30
326   26
209   17
377   30
242   18
203   16
173   14
320   26
202   16
200   16
491   40
361   29
234   19
1230   100
249   20
221   18
222   18
246   20
321   26
346   28
257   20
200   16
198   16
175   14
197   16
222   18
245   20
495   40
219   18
236   18
337   26
346   28
252   20
251   18
269   16
278   16
218   17
372   29
129   10
304   18
249   20
245   20
222   18
370   30
210   17
221   18
346   28
221   18
178   14
227   18
173   14
616   40
241   16
322   26
372   30
297   24
348   28
196   16
319   26
321   26
234   19
1232   100
324   26
321   26
148   12
239   19
195   16
300   24
246   20
320   26
223   18
197   16
251   20
171   14
318   26
322   26
294   24
196   16
293   24
234   19
320   26
194   16
249   20
235   19
320   26
198   16
344   28
321   26
209   17
220   18
172   14
196   16
321   26
1226   100
316   26
245   20
220   18
123   10
321   26
172   14
245   20
239   19
318   26
296   24
196   16
294   24
294   24
281   22
322   26
247   20
220   18
298   24
195   16
245   20
170   14
343   28
368   30
280   18
190   12
268   20
326   26
124   10
1243   100
271   20
262   20
249   20
349   28
1334   100
257   20
228   16
236   18
357   28
176   14
251   16
154   12
329   26
207   16
239   18
236   18
509   30
678   26
446   29
259   18
177   14
369   26
164   10
238   18
289   20
268   20
364   28
529   40
305   22
311   24
366   26
217   17
182   14
274   22
227   16
335   26
359   26
232   18
196   15
230   18
360   28
206   16
325   24
136   10
394   30
248   18
529   40
233   18
351   26
200   14
372   28
136   10
258   18
1294   100
296   22
236   18
263   20
1279   100
321   25
155   12
352   26
176   14
255   20
252   20
324   26
197   16
279   22
262   20
327   26
233   18
342   26
267   20
156   12
1301   100
264   20
203   16
175   14
200   16
277   22
376   30
175   14
438   34
253   20
350   28
335   26
219   17
1299   100
448   34
179   14
309   24
259   20
313   25
341   26
1282   100
313   24
520   40
209   16
183   14
225   18
274   20
277   20
223   18
321   26
339   26
175   14
431   34
230   18
224   18
1323   100
251   20
174   14
173   14
177   14
254   20
297   24
178   14
173   14
197   16
196   16
320   26
199   16
319   26
321   26
327   26
221   18
250   20
238   19
299   24
223   18
172   14
176   14
217   17
322   26
325   26
222   18
306   24
299   24
251   20
323   26
179   14
223   18
174   14
223   18
298   24
302   24
180   14
227   18
1255   100
226   18
223   18
222   18
224   18
230   18
321   26
296   24
238   19
253   20
198   16
349   28
225   18
125   10
349   28
249   20
253   20
387   28
247   14
238   18
259   20
324   26
230   18
267   17
319   24
225   18
174   14
224   18
178   14
250   20
279   22
251   20
224   18
384   26
350   26
296   20
172   14
201   16
252   20
327   26
322   26
148   12
332   26
240   18
178   14
326   26
324   26
305   24
223   18
300   24
201   16
251   20
223   18
232   18
382   29
180   10
336   24
431   34
304   18
281   22
339   24
536   40
174   14
323   26
251   20
203   16
249   20
247   20
173   14
1245   100
232   18
423   34
174   14
256   20
222   18
225   18
972   78
251   20
249   20
224   18
322   26
299   24
198   16
198   16
321   26
321   26
176   14
177   14
323   26
173   14
247   20
296   24
197   16
312   19
238   16
266   20
345   26
134   10
421   29
421   26
354   28
161   12
201   16
263   20
252   20
1296   100
1390   100
216   16
305   24
354   28
423   26
299   16
379   30
273   18
252   20
286   20
192   15
205   16
1263   100
225   18
222   18
187   15
241   19
253   20
174   14
322   26
323   26
298   24
150   12
198   16
175   14
198   16
224   18
207   16
361   29
226   18
296   24
323   26
170   14
190   15
198   16
197   16
136   11
224   18
198   16
174   14
320   26
323   26
298   24
248   20
250   20
223   18
297   24
225   18
248   20
348   28
249   20
174   14
321   26
346   26
222   18
423   34
127   10
198   16
1237   100
172   14
299   24
321   26
311   24
425   34
275   22
223   18
321   26
347   28
252   20
198   16
247   20
353   28
275   22
221   18
323   26
197   16
223   18
321   26
221   18
248   20
223   18
427   34
196   16
196   16
248   20
224   18
271   22
1249   100
371   30
171   14
248   20
227   18
372   30
361   29
200   16
199   16
1240   100
1239   100
352   28
225   18
322   26
223   18
201   16
248   20
276   22
223   18
225   18
226   18
1245   100
320   26
315   25
324   26
361   29
226   18
300   24
196   16
199   16
124   10
1236   100
224   18
250   20
222   18
298   24
223   18
197   16
320   26
373   30
320   26
322   26
249   20
298   24
248   20
323   26
349   28
322   26
1244   100
324   26
321   26
228   18
214   17
251   20
422   34
301   24
318   25
1237   100
374   30
346   28
342   26
200   16
172   14
274   22
300   24
275   22
225   18
501   40
148   12
226   18
199   16
347   28
297   24
273   22
255   20
1242   100
1240   100
350   28
174   14
495   40
229   18
224   18
199   16
198   16
246   20
323   26
162   13
247   20
223   18
223   18
248   20
155   12
201   16
173   14
301   24
229   18
351   28
199   16
328   26
246   20
149   12
224   18
201   16
222   18
435   34
222   18
253   20
327   26
367   29
217   16
1276   100
254   20
349   28
233   18
326   26
231   18
339   26
213   16
198   16
322   26
345   28
296   24
1238   100
344   28
147   12
422   34
123   10
324   26
203   16
494   40
205   16
497   40
197   16
322   26
199   16
322   26
224   18
422   34
304   24
270   22
296   24
222   18
199   16
173   14
332   26
176   14
494   40
325   26
173   14
323   26
247   20
210   17
223   18
297   24
322   26
199   16
357   29
201   16
198   16
323   26
148   12
420   34
247   20
326   26
322   26
249   20
276   22
174   14
249   20
299   24
1245   100
326   26
374   30
323   26
374   30
322   26
175   14
324   26
492   40
252   20
296   24
226   18
222   18
251   20
249   20
223   18
274   22
249   20
225   18
200   16
298   24
347   28
300   24
173   14
297   24
365   28
194   14
214   16
221   18
278   22
499   40
321   26
272   22
325   26
147   12
222   18
248   20
326   26
321   26
369   30
160   13
223   18
246   20
371   30
426   34
248   20
1239   100
247   20
294   24
1248   100
1240   100
154   12
320   26
221   18
204   16
148   12
325   26
1237   100
174   14
222   18
178   14
216   17
196   16
246   20
305   24
278   19
215   16
236   18
301   24
224   18
220   18
367   29
301   24
322   26
346   28
1234   100
206   16
148   12
249   20
1282   100
251   20
150   12
297   24
223   18
148   12
235   19
223   16
227   18
228   18
222   18
254   14
1308   100
233   18
264   20
270   20
318   25
347   26
236   18
234   18
320   25
406   30
162   12
322   26
370   30
201   16
201   14
334   26
307   24
251   20
352   28
322   26
224   18
208   16
252   20
1320   100
981   78
307   24
1256   100
222   18
209   17
225   18
351   28
225   18
329   26
250   20
178   14
172   14
272   22
358   29
380   30
256   20
329   26
279   22
377   30
1322   100
256   20
225   18
203   16
423   28
435   26
233   18
363   28
228   18
1259   100
177   14
178   14
254   20
177   14
1291   100
258   18
202   16
234   18
261   20
229   18
350   28
1353   100
265   16
380   26
388   26
376   24
301   22
259   20
341   26
219   16
232   18
378   26
178   14
227   18
229   18
235   18
330   26
252   20
251   18
153   12
335   26
179   14
257   20
252   16
1305   100
272   16
286   22
252   20
398   28
270   18
438   34
228   18
318   25
321   22
383   26
385   28
188   14
229   18
171   14
417   28
296   20
325   26
1347   100
327   26
1437   100
155   12
331   26
154   12
340   26
154   12
337   26
242   16
200   15
248   18
250   20
1341   100
330   26
206   16
355   28
218   17
315   25
327   24
178   14
316   25
290   18
192   11
317   24
133   10
241   18
238   18
230   18
340   26
317   24
248   20
225   18
197   16
227   18
206   16
371   29
306   24
275   22
257   20
361   28
334   26
204   16
1326   100
214   14
339   26
398   29
152   12
331   26
1322   100
175   14
250   16
180   14
254   18
203   14
269   20
333   26
255   20
256   20
327   25
281   20
234   18
180   14
354   28
516   40
178   14
202   16
425   34
235   18
229   18
226   18
179   14
249   20
356   26
234   18
198   16
227   18
381   29
227   18
340   26
308   24
285   22
474   34
326   26
347   26
199   16
153   12
234   18
261   20
176   14
374   28
255   20
303   22
1313   100
223   16
348   26
208   16
1317   100
147   11
153   12
336   26
1307   100
184   14
362   29
231   18
224   18
314   24
174   14
1306   100
228   18
513   40
251   20
187   14
210   16
229   18
251   20
1316   100
414   30
333   20
395   26
260   20
347   26
283   20
393   28
455   26
255   16
500   22
177   14
211   14
148   10
315   24
251   18
187   14
178   14
277   22
299   22
376   29
373   26
228   18
209   16
1537   100
463   34
246   18
366   26
186   14
234   18
257   20
154   12
331   26
262   20
200   16
417   26
1340   100
264   20
209   16
212   16
208   16
211   16
342   26
209   16
250   20
233   18
317   24
1382   100
245   19
410   26
377   22
193   14
409   30
518   40
179   14
333   20
261   20
1321   100
227   18
355   26
200   16
230   18
1271   100
331   26
174   14
222   16
1428   100
159   12
1257   100
214   16
224   18
251   20
327   26
227   18
325   26
227   18
275   22
227   18
227   18
227   18
173   14
330   26
225   18
257   20
529   40
213   16
213   16
344   26
251   18
231   18
181   14
1270   100
200   16
150   12
375   30
364   29
127   10
1253   100
222   18
299   24
250   20
152   12
172   14
198   16
372   30
223   18
248   20
202   16
211   17
177   14
323   26
434   34
250   20
325   26
347   28
298   24
227   18
1263   100
252   20
304   24
330   26
237   18
172   14
248   20
205   16
153   12
261   20
228   18
333   26
328   26
203   16
325   26
327   26
251   20
242   18
212   16
206   16
179   14
200   16
175   14
361   29
392   30
124   10
175   14
429   34
327   26
225   18
249   20
225   18
235   18
346   26
224   18
225   18
251   20
226   18
203   16
370   29
378   30
280   22
343   26
317   24
203   16
131   10
356   28
1267   100
227   18
163   13
254   20
333   26
301   24
323   25
433   34
256   20
332   26
371   28
331   26
150   12
303   24
129   10
228   18
1289   100
246   19
203   16
205   16
186   14
254   20
174   14
224   18
304   24
300   24
326   26
361   29
254   19
1295   100
338   26
317   24
357   24
1359   100
241   18
240   18
256   18
235   18
384   30
227   18
174   13
241   18
317   24
256   20
236   18
1284   100
215   16
331   26
334   26
125   10
332   26
330   26
253   20
1253   100
299   24
326   26
330   26
226   18
349   28
258   20
241   19
325   26
1249   100
1260   100
332   26
202   16
254   20
277   22
205   16
430   34
226   18
204   16
330   26
199   16
258   20
244   19
178   14
331   26
352   28
224   18
328   26
329   26
328   26
251   20
226   18
302   24
328   26
225   18
200   16
357   28
302   24
1254   100
323   26
174   14
123   10
298   24
328   26
351   28
322   26
175   14
197   16
348   28
320   26
230   18
335   26
175   14
326   26
203   16
193   14
248   19
337   26
242   18
279   22
226   17
330   26
272   18
229   18
258   20
238   18
289   18
265   20
252   20
353   28
390   26
354   26
348   26
177   14
151   12
382   24
278   22
357   24
386   20
197   14
390   26
221   14
265   18
243   18
1482   100
253   18
445   34
234   18
223   16
262   20
339   26
207   16
212   16
178   14
378   30
201   16
257   20
235   18
315   24
322   24
259   20
315   24
410   26
1354   100
233   16
230   16
689   40
356   26
258   20
335   26
203   16
643   40
386   22
325   16
236   18
329   26
273   20
231   16
253   20
243   18
266   20
258   20
262   20
309   24
203   14
343   26
1279   100
230   18
183   14
220   16
328   24
205   16
175   14
259   20
143   10
262   20
292   22
182   14
1315   100
339   26
203   16
232   18
370   29
281   22
186   14
176   14
224   18
227   18
441   34
255   20
254   20
177   14
257   20
206   16
331   26
228   18
327   26
228   18
351   28
220   17
226   18
1263   100
229   18
176   14
329   26
1265   100
160   12
302   24
152   12
249   20
325   26
222   18
512   40
235   18
209   16
346   26
273   20
330   24
195   14
229   18
462   34
179   14
223   16
180   14
473   34
332   26
272   20
345   26
315   24
252   20
303   24
363   28
236   19
335   26
153   12
327   26
333   26
200   16
331   26
512   40
163   13
226   18
204   16
1256   100
229   18
200   16
208   16
202   16
364   29
228   18
262   20
331   26
283   20
177   14
396   30
309   20
261   20
354   28
229   18
264   18
294   18
241   19
331   26
1347   100
252   20
183   14
182   14
203   16
178   14
229   18
442   29
343   26
226   18
336   26
220   16
178   14
331   26
386   29
184   14
232   18
364   29
203   16
126   10
1266   100
323   26
178   14
334   26
226   18
176   14
254   20
214   16
361   26
211   14
369   29
263   20
361   28
232   18
244   18
237   18
226   18
264   20
176   14
201   16
1283   100
182   14
228   18
229   18
208   16
326   26
347   26
265   20
192   15
345   26
227   18
324   26
203   16
331   26
233   18
224   18
325   26
259   20
253   20
386   30
210   16
142   11
317   24
261   20
257   20
374   28
331   26
239   18
201   16
127   10
338   26
173   14
264   20
1271   100
328   26
307   24
1350   100
178   14
185   14
380   29
273   20
329   26
209   16
245   18
232   18
467   34
267   20
344   26
309   24
202   16
234   18
177   14
1299   100
334   26
309   24
311   24
337   26
287   22
337   24
366   28
239   18
229   18
236   18
1360   100
350   25
270   20
237   18
201   16
177   14
235   18
286   20
251   20
226   18
335   26
217   17
175   14
1303   100
269   20
293   22
184   14
299   22
249   20
307   24
1311   100
252   20
355   28
214   17
256   20
329   26
203   16
273   22
306   24
257   20
372   28
261   20
126   10
253   20
331   26
1283   100
285   22
173   14
306   24
247   18
199   14
392   24
196   14
232   16
262   20
1315   100
242   18
345   26
262   20
157   12
249   18
186   12
457   34
372   28
250   19
536   40
170   12
284   20
470   34
236   18
274   20
202   14
210   16
1396   100
206   16
440   34
227   18
184   14
236   18
1389   100
230   18
250   20
202   16
183   14
326   26
176   14
332   26
248   20
203   16
326   26
253   20
174   14
200   16
328   26
214   17
224   18
228   18
226   18
304   24
372   29
279   22
250   20
366   29
313   24
203   16
504   40
251   20
378   30
304   24
240   18
346   26
127   10
385   30
357   28
331   26
211   16
186   14
235   18
205   16
1262   100
250   20
152   12
337   26
358   28
328   26
255   20
259   20
251   20
330   26
227   18
252   20
182   14
173   14
255   20
504   40
299   24
227   18
252   20
1254   100
227   18
154   12
244   19
229   18
228   18
250   20
181   14
423   34
342   26
242   18
251   18
366   26
185   14
326   26
329   26
227   18
205   16
250   20
160   12
200   16
1289   100
300   24
223   18
177   14
240   18
249   20
363   29
331   26
307   24
256   20
225   18
305   24
225   18
252   20
254   20
140   11
336   26
251   20
267   20
278   22
253   20
506   40
201   16
231   18
213   17
176   14
183   14
179   14
175   14
299   24
1269   100
300   24
231   18
303   24
200   16
329   26
181   14
327   26
262   20
151   12
330   26
198   16
257   20
190   15
150   12
177   14
1274   100
201   16
338   26
328   26
253   20
303   24
360   28
199   16
152   12
1447   100
326   26
253   20
226   18
248   20
254   20
335   26
283   22
330   26
306   24
303   24
332   26
307   24
202   16
229   18
328   26
353   28
325   25
247   20
252   20
299   24
353   28
283   22
151   12
299   24
329   26
175   14
1268   100
355   28
224   18
260   20
383   26
283   22
251   20
226   18
127   10
328   26
203   16
335   26
330   26
436   34
328   26
149   12
250   20
373   30
300   24
329   26
216   17
232   18
142   11
203   16
228   18
