838165.000000 0.000000
843887.000000 0.090909
850479.000000 0.181818
858322.000000 0.272727
868049.000000 0.363636
880748.000000 0.454545
898345.000000 0.545455
924291.000000 0.636364
964575.000000 0.727273
1028260.000000 0.818182
1124180.000000 0.909091
1249410.000000 1.000000
1249410.000000 1.000000
1380230.000000 0.909091
1488540.000000 0.818182
1564600.000000 0.727273
1614340.000000 0.636364
1646880.000000 0.545455
1669040.000000 0.454545
1684960.000000 0.363636
1697050.000000 0.272727
1706700.000000 0.181818
1714720.000000 0.090909
1721610.000000 -0.000000

