1.000000 18.067400 0.000000
1.000000 18.246600 0.090909
1.000000 18.456700 0.181818
1.000000 18.713000 0.272727
1.000000 19.037700 0.363636
1.000000 19.451500 0.454545
1.000000 19.943200 0.545455
1.000000 20.450200 0.636364
1.000000 20.917500 0.727273
1.000000 21.345700 0.818182
1.000000 21.763000 0.909091
1.000000 22.205300 1.000000
1.000000 22.205300 1.000000
1.000000 22.727800 0.909091
1.000000 23.456600 0.818182
1.000000 24.735500 0.727273
1.000000 27.554300 0.636364
1.000000 34.663000 0.545455
1.000000 52.729400 0.454545
1.000000 94.642900 0.363636
1.000000 179.729000 0.272727
1.000000 331.055000 0.181818
1.000000 571.971000 0.090909
1.000000 924.557000 -0.000000

48.000000 18.067400 0.000000
48.000000 18.246600 0.090909
48.000000 18.456700 0.181818
48.000000 18.713000 0.272727
48.000000 19.037700 0.363636
48.000000 19.451500 0.454545
48.000000 19.943200 0.545455
48.000000 20.450200 0.636364
48.000000 20.917500 0.727273
48.000000 21.345700 0.818182
48.000000 21.763000 0.909091
48.000000 22.205300 1.000000
48.000000 22.205300 1.000000
48.000000 22.727800 0.909091
48.000000 23.456600 0.818182
48.000000 24.735500 0.727273
48.000000 27.554300 0.636364
48.000000 34.663000 0.545455
48.000000 52.729400 0.454545
48.000000 94.642900 0.363636
48.000000 179.729000 0.272727
48.000000 331.055000 0.181818
48.000000 571.971000 0.090909
48.000000 924.557000 -0.000000

49.000000 197726.000000 0.000000
49.000000 199114.000000 0.090909
49.000000 200678.000000 0.181818
49.000000 202487.000000 0.272727
49.000000 204635.000000 0.363636
49.000000 207250.000000 0.454545
49.000000 210510.000000 0.545455
49.000000 214791.000000 0.636364
49.000000 221339.000000 0.727273
49.000000 234339.000000 0.818182
49.000000 260909.000000 0.909091
49.000000 293250.000000 1.000000
49.000000 293250.000000 1.000000
49.000000 356091.000000 0.909091
49.000000 492811.000000 0.818182
49.000000 603851.000000 0.727273
49.000000 673896.000000 0.636364
49.000000 725061.000000 0.545455
49.000000 766774.000000 0.454545
49.000000 801490.000000 0.363636
49.000000 830297.000000 0.272727
49.000000 854395.000000 0.181818
49.000000 874931.000000 0.090909
49.000000 892814.000000 -0.000000

89.000000 197726.000000 0.000000
89.000000 199114.000000 0.090909
89.000000 200678.000000 0.181818
89.000000 202487.000000 0.272727
89.000000 204635.000000 0.363636
89.000000 207250.000000 0.454545
89.000000 210510.000000 0.545455
89.000000 214791.000000 0.636364
89.000000 221339.000000 0.727273
89.000000 234339.000000 0.818182
89.000000 260909.000000 0.909091
89.000000 293250.000000 1.000000
89.000000 293250.000000 1.000000
89.000000 356091.000000 0.909091
89.000000 492811.000000 0.818182
89.000000 603851.000000 0.727273
89.000000 673896.000000 0.636364
89.000000 725061.000000 0.545455
89.000000 766774.000000 0.454545
89.000000 801490.000000 0.363636
89.000000 830297.000000 0.272727
89.000000 854395.000000 0.181818
89.000000 874931.000000 0.090909
89.000000 892814.000000 -0.000000

90.000000 370204.000000 0.000000
90.000000 372219.000000 0.090909
90.000000 374399.000000 0.181818
90.000000 376785.000000 0.272727
90.000000 379439.000000 0.363636
90.000000 382454.000000 0.454545
90.000000 385983.000000 0.545455
90.000000 390313.000000 0.636364
90.000000 396070.000000 0.727273
90.000000 405077.000000 0.818182
90.000000 426784.000000 0.909091
90.000000 556120.000000 1.000000
90.000000 556120.000000 1.000000
90.000000 869087.000000 0.909091
90.000000 978783.000000 0.818182
90.000000 1029300.000000 0.727273
90.000000 1062130.000000 0.636364
90.000000 1086600.000000 0.545455
90.000000 1106200.000000 0.454545
90.000000 1122610.000000 0.363636
90.000000 1136770.000000 0.272727
90.000000 1149230.000000 0.181818
90.000000 1160390.000000 0.090909
90.000000 1170520.000000 -0.000000

162.000000 370204.000000 0.000000
162.000000 372219.000000 0.090909
162.000000 374399.000000 0.181818
162.000000 376785.000000 0.272727
162.000000 379439.000000 0.363636
162.000000 382454.000000 0.454545
162.000000 385983.000000 0.545455
162.000000 390313.000000 0.636364
162.000000 396070.000000 0.727273
162.000000 405077.000000 0.818182
162.000000 426784.000000 0.909091
162.000000 556120.000000 1.000000
162.000000 556120.000000 1.000000
162.000000 869087.000000 0.909091
162.000000 978783.000000 0.818182
162.000000 1029300.000000 0.727273
162.000000 1062130.000000 0.636364
162.000000 1086600.000000 0.545455
162.000000 1106200.000000 0.454545
162.000000 1122610.000000 0.363636
162.000000 1136770.000000 0.272727
162.000000 1149230.000000 0.181818
162.000000 1160390.000000 0.090909
162.000000 1170520.000000 -0.000000

163.000000 475570.000000 0.000000
163.000000 477960.000000 0.090909
163.000000 480522.000000 0.181818
163.000000 483296.000000 0.272727
163.000000 486338.000000 0.363636
163.000000 489730.000000 0.454545
163.000000 493604.000000 0.545455
163.000000 498194.000000 0.636364
163.000000 504018.000000 0.727273
163.000000 512544.000000 0.818182
163.000000 530789.000000 0.909091
163.000000 716838.000000 1.000000
163.000000 716838.000000 1.000000
163.000000 1108470.000000 0.909091
163.000000 1178080.000000 0.818182
163.000000 1211260.000000 0.727273
163.000000 1233510.000000 0.636364
163.000000 1250660.000000 0.545455
163.000000 1264800.000000 0.454545
163.000000 1276920.000000 0.363636
163.000000 1287580.000000 0.272727
163.000000 1297100.000000 0.181818
163.000000 1305740.000000 0.090909
163.000000 1313670.000000 -0.000000

194.000000 475570.000000 0.000000
194.000000 477960.000000 0.090909
194.000000 480522.000000 0.181818
194.000000 483296.000000 0.272727
194.000000 486338.000000 0.363636
194.000000 489730.000000 0.454545
194.000000 493604.000000 0.545455
194.000000 498194.000000 0.636364
194.000000 504018.000000 0.727273
194.000000 512544.000000 0.818182
194.000000 530789.000000 0.909091
194.000000 716838.000000 1.000000
194.000000 716838.000000 1.000000
194.000000 1108470.000000 0.909091
194.000000 1178080.000000 0.818182
194.000000 1211260.000000 0.727273
194.000000 1233510.000000 0.636364
194.000000 1250660.000000 0.545455
194.000000 1264800.000000 0.454545
194.000000 1276920.000000 0.363636
194.000000 1287580.000000 0.272727
194.000000 1297100.000000 0.181818
194.000000 1305740.000000 0.090909
194.000000 1313670.000000 -0.000000

195.000000 559553.000000 0.000000
195.000000 562266.000000 0.090909
195.000000 565166.000000 0.181818
195.000000 568297.000000 0.272727
195.000000 571727.000000 0.363636
195.000000 575559.000000 0.454545
195.000000 579970.000000 0.545455
195.000000 585291.000000 0.636364
195.000000 592256.000000 0.727273
195.000000 602984.000000 0.818182
195.000000 627845.000000 0.909091
195.000000 844345.000000 1.000000
195.000000 844345.000000 1.000000
195.000000 1225480.000000 0.909091
195.000000 1298290.000000 0.818182
195.000000 1330170.000000 0.727273
195.000000 1350430.000000 0.636364
195.000000 1365500.000000 0.545455
195.000000 1377670.000000 0.454545
195.000000 1388000.000000 0.363636
195.000000 1397050.000000 0.272727
195.000000 1405170.000000 0.181818
195.000000 1412560.000000 0.090909
195.000000 1419370.000000 -0.000000

237.000000 559553.000000 0.000000
237.000000 562266.000000 0.090909
237.000000 565166.000000 0.181818
237.000000 568297.000000 0.272727
237.000000 571727.000000 0.363636
237.000000 575559.000000 0.454545
237.000000 579970.000000 0.545455
237.000000 585291.000000 0.636364
237.000000 592256.000000 0.727273
237.000000 602984.000000 0.818182
237.000000 627845.000000 0.909091
237.000000 844345.000000 1.000000
237.000000 844345.000000 1.000000
237.000000 1225480.000000 0.909091
237.000000 1298290.000000 0.818182
237.000000 1330170.000000 0.727273
237.000000 1350430.000000 0.636364
237.000000 1365500.000000 0.545455
237.000000 1377670.000000 0.454545
237.000000 1388000.000000 0.363636
237.000000 1397050.000000 0.272727
237.000000 1405170.000000 0.181818
237.000000 1412560.000000 0.090909
237.000000 1419370.000000 -0.000000

238.000000 778642.000000 0.000000
238.000000 782624.000000 0.090909
238.000000 786927.000000 0.181818
238.000000 791641.000000 0.272727
238.000000 796913.000000 0.363636
238.000000 803009.000000 0.454545
238.000000 810467.000000 0.545455
238.000000 820535.000000 0.636364
238.000000 836587.000000 0.727273
238.000000 869441.000000 0.818182
238.000000 956760.000000 0.909091
238.000000 1172400.000000 1.000000
238.000000 1172400.000000 1.000000
238.000000 1420460.000000 0.909091
238.000000 1541500.000000 0.818182
238.000000 1589870.000000 0.727273
238.000000 1613590.000000 0.636364
238.000000 1628240.000000 0.545455
238.000000 1638900.000000 0.454545
238.000000 1647480.000000 0.363636
238.000000 1654810.000000 0.272727
238.000000 1661290.000000 0.181818
238.000000 1667160.000000 0.090909
238.000000 1672540.000000 -0.000000

267.000000 778642.000000 0.000000
267.000000 782624.000000 0.090909
267.000000 786927.000000 0.181818
267.000000 791641.000000 0.272727
267.000000 796913.000000 0.363636
267.000000 803009.000000 0.454545
267.000000 810467.000000 0.545455
267.000000 820535.000000 0.636364
267.000000 836587.000000 0.727273
267.000000 869441.000000 0.818182
267.000000 956760.000000 0.909091
267.000000 1172400.000000 1.000000
267.000000 1172400.000000 1.000000
267.000000 1420460.000000 0.909091
267.000000 1541500.000000 0.818182
267.000000 1589870.000000 0.727273
267.000000 1613590.000000 0.636364
267.000000 1628240.000000 0.545455
267.000000 1638900.000000 0.454545
267.000000 1647480.000000 0.363636
267.000000 1654810.000000 0.272727
267.000000 1661290.000000 0.181818
267.000000 1667160.000000 0.090909
267.000000 1672540.000000 -0.000000

268.000000 808321.000000 0.000000
268.000000 812774.000000 0.090909
268.000000 817656.000000 0.181818
268.000000 823109.000000 0.272727
268.000000 829370.000000 0.363636
268.000000 836883.000000 0.454545
268.000000 846537.000000 0.545455
268.000000 860330.000000 0.636364
268.000000 883218.000000 0.727273
268.000000 928403.000000 0.818182
268.000000 1028020.000000 0.909091
268.000000 1216020.000000 1.000000
268.000000 1216020.000000 1.000000
268.000000 1421700.000000 0.909091
268.000000 1546250.000000 0.818182
268.000000 1606090.000000 0.727273
268.000000 1636800.000000 0.636364
268.000000 1655180.000000 0.545455
268.000000 1667870.000000 0.454545
268.000000 1677610.000000 0.363636
268.000000 1685630.000000 0.272727
268.000000 1692540.000000 0.181818
268.000000 1698660.000000 0.090909
268.000000 1704210.000000 -0.000000

278.000000 808321.000000 0.000000
278.000000 812774.000000 0.090909
278.000000 817656.000000 0.181818
278.000000 823109.000000 0.272727
278.000000 829370.000000 0.363636
278.000000 836883.000000 0.454545
278.000000 846537.000000 0.545455
278.000000 860330.000000 0.636364
278.000000 883218.000000 0.727273
278.000000 928403.000000 0.818182
278.000000 1028020.000000 0.909091
278.000000 1216020.000000 1.000000
278.000000 1216020.000000 1.000000
278.000000 1421700.000000 0.909091
278.000000 1546250.000000 0.818182
278.000000 1606090.000000 0.727273
278.000000 1636800.000000 0.636364
278.000000 1655180.000000 0.545455
278.000000 1667870.000000 0.454545
278.000000 1677610.000000 0.363636
278.000000 1685630.000000 0.272727
278.000000 1692540.000000 0.181818
278.000000 1698660.000000 0.090909
278.000000 1704210.000000 -0.000000

279.000000 837810.000000 0.000000
279.000000 843490.000000 0.090909
279.000000 850024.000000 0.181818
279.000000 857784.000000 0.272727
279.000000 867387.000000 0.363636
279.000000 879901.000000 0.454545
279.000000 897223.000000 0.545455
279.000000 922785.000000 0.636364
279.000000 962625.000000 0.727273
279.000000 1026070.000000 0.818182
279.000000 1122520.000000 0.909091
279.000000 1249360.000000 1.000000
279.000000 1249360.000000 1.000000
279.000000 1381900.000000 0.909091
279.000000 1490920.000000 0.818182
279.000000 1566790.000000 0.727273
279.000000 1616040.000000 0.636364
279.000000 1648130.000000 0.545455
279.000000 1669940.000000 0.454545
279.000000 1685630.000000 0.363636
279.000000 1697570.000000 0.272727
279.000000 1707110.000000 0.181818
279.000000 1715060.000000 0.090909
279.000000 1721890.000000 -0.000000

311.000000 837810.000000 0.000000
311.000000 843490.000000 0.090909
311.000000 850024.000000 0.181818
311.000000 857784.000000 0.272727
311.000000 867387.000000 0.363636
311.000000 879901.000000 0.454545
311.000000 897223.000000 0.545455
311.000000 922785.000000 0.636364
311.000000 962625.000000 0.727273
311.000000 1026070.000000 0.818182
311.000000 1122520.000000 0.909091
311.000000 1249360.000000 1.000000
311.000000 1249360.000000 1.000000
311.000000 1381900.000000 0.909091
311.000000 1490920.000000 0.818182
311.000000 1566790.000000 0.727273
311.000000 1616040.000000 0.636364
311.000000 1648130.000000 0.545455
311.000000 1669940.000000 0.454545
311.000000 1685630.000000 0.363636
311.000000 1697570.000000 0.272727
311.000000 1707110.000000 0.181818
311.000000 1715060.000000 0.090909
311.000000 1721890.000000 -0.000000

312.000000 838165.000000 0.000000
312.000000 843887.000000 0.090909
312.000000 850479.000000 0.181818
312.000000 858322.000000 0.272727
312.000000 868049.000000 0.363636
312.000000 880748.000000 0.454545
312.000000 898345.000000 0.545455
312.000000 924291.000000 0.636364
312.000000 964575.000000 0.727273
312.000000 1028260.000000 0.818182
312.000000 1124180.000000 0.909091
312.000000 1249410.000000 1.000000
312.000000 1249410.000000 1.000000
312.000000 1380230.000000 0.909091
312.000000 1488540.000000 0.818182
312.000000 1564600.000000 0.727273
312.000000 1614340.000000 0.636364
312.000000 1646880.000000 0.545455
312.000000 1669040.000000 0.454545
312.000000 1684960.000000 0.363636
312.000000 1697050.000000 0.272727
312.000000 1706700.000000 0.181818
312.000000 1714720.000000 0.090909
312.000000 1721610.000000 -0.000000

366.000000 838165.000000 0.000000
366.000000 843887.000000 0.090909
366.000000 850479.000000 0.181818
366.000000 858322.000000 0.272727
366.000000 868049.000000 0.363636
366.000000 880748.000000 0.454545
366.000000 898345.000000 0.545455
366.000000 924291.000000 0.636364
366.000000 964575.000000 0.727273
366.000000 1028260.000000 0.818182
366.000000 1124180.000000 0.909091
366.000000 1249410.000000 1.000000
366.000000 1249410.000000 1.000000
366.000000 1380230.000000 0.909091
366.000000 1488540.000000 0.818182
366.000000 1564600.000000 0.727273
366.000000 1614340.000000 0.636364
366.000000 1646880.000000 0.545455
366.000000 1669040.000000 0.454545
366.000000 1684960.000000 0.363636
366.000000 1697050.000000 0.272727
366.000000 1706700.000000 0.181818
366.000000 1714720.000000 0.090909
366.000000 1721610.000000 -0.000000

367.000000 782506.000000 0.000000
367.000000 787777.000000 0.090909
367.000000 793728.000000 0.181818
367.000000 800627.000000 0.272727
367.000000 808914.000000 0.363636
367.000000 819365.000000 0.454545
367.000000 833413.000000 0.545455
367.000000 853828.000000 0.636364
367.000000 886035.000000 0.727273
367.000000 940000.000000 0.818182
367.000000 1029240.000000 0.909091
367.000000 1157110.000000 1.000000
367.000000 1157110.000000 1.000000
367.000000 1297150.000000 0.909091
367.000000 1411240.000000 0.818182
367.000000 1487450.000000 0.727273
367.000000 1535340.000000 0.636364
367.000000 1566350.000000 0.545455
367.000000 1587780.000000 0.454545
367.000000 1603640.000000 0.363636
367.000000 1616100.000000 0.272727
367.000000 1626360.000000 0.181818
367.000000 1635120.000000 0.090909
367.000000 1642800.000000 -0.000000

387.000000 782506.000000 0.000000
387.000000 787777.000000 0.090909
387.000000 793728.000000 0.181818
387.000000 800627.000000 0.272727
387.000000 808914.000000 0.363636
387.000000 819365.000000 0.454545
387.000000 833413.000000 0.545455
387.000000 853828.000000 0.636364
387.000000 886035.000000 0.727273
387.000000 940000.000000 0.818182
387.000000 1029240.000000 0.909091
387.000000 1157110.000000 1.000000
387.000000 1157110.000000 1.000000
387.000000 1297150.000000 0.909091
387.000000 1411240.000000 0.818182
387.000000 1487450.000000 0.727273
387.000000 1535340.000000 0.636364
387.000000 1566350.000000 0.545455
387.000000 1587780.000000 0.454545
387.000000 1603640.000000 0.363636
387.000000 1616100.000000 0.272727
387.000000 1626360.000000 0.181818
387.000000 1635120.000000 0.090909
387.000000 1642800.000000 -0.000000

388.000000 590581.000000 0.000000
388.000000 594982.000000 0.090909
388.000000 599953.000000 0.181818
388.000000 605699.000000 0.272727
388.000000 612564.000000 0.363636
388.000000 621145.000000 0.454545
388.000000 632544.000000 0.545455
388.000000 648870.000000 0.636364
388.000000 674115.000000 0.727273
388.000000 714908.000000 0.818182
388.000000 778448.000000 0.909091
388.000000 866944.000000 1.000000
388.000000 866944.000000 1.000000
388.000000 975577.000000 0.909091
388.000000 1086460.000000 0.818182
388.000000 1176230.000000 0.727273
388.000000 1239320.000000 0.636364
388.000000 1282640.000000 0.545455
388.000000 1313570.000000 0.454545
388.000000 1336910.000000 0.363636
388.000000 1355470.000000 0.272727
388.000000 1370840.000000 0.181818
388.000000 1383980.000000 0.090909
388.000000 1395460.000000 -0.000000

401.000000 590581.000000 0.000000
401.000000 594982.000000 0.090909
401.000000 599953.000000 0.181818
401.000000 605699.000000 0.272727
401.000000 612564.000000 0.363636
401.000000 621145.000000 0.454545
401.000000 632544.000000 0.545455
401.000000 648870.000000 0.636364
401.000000 674115.000000 0.727273
401.000000 714908.000000 0.818182
401.000000 778448.000000 0.909091
401.000000 866944.000000 1.000000
401.000000 866944.000000 1.000000
401.000000 975577.000000 0.909091
401.000000 1086460.000000 0.818182
401.000000 1176230.000000 0.727273
401.000000 1239320.000000 0.636364
401.000000 1282640.000000 0.545455
401.000000 1313570.000000 0.454545
401.000000 1336910.000000 0.363636
401.000000 1355470.000000 0.272727
401.000000 1370840.000000 0.181818
401.000000 1383980.000000 0.090909
401.000000 1395460.000000 -0.000000

402.000000 585402.000000 0.000000
402.000000 589812.000000 0.090909
402.000000 594833.000000 0.181818
402.000000 600702.000000 0.272727
402.000000 607805.000000 0.363636
402.000000 616818.000000 0.454545
402.000000 628956.000000 0.545455
402.000000 646435.000000 0.636364
402.000000 673108.000000 0.727273
402.000000 714612.000000 0.818182
402.000000 776342.000000 0.909091
402.000000 859884.000000 1.000000
402.000000 859884.000000 1.000000
402.000000 960790.000000 0.909091
402.000000 1065070.000000 0.818182
402.000000 1154170.000000 0.727273
402.000000 1220340.000000 0.636364
402.000000 1267150.000000 0.545455
402.000000 1300800.000000 0.454545
402.000000 1326070.000000 0.363636
402.000000 1345970.000000 0.272727
402.000000 1362280.000000 0.181818
402.000000 1376100.000000 0.090909
402.000000 1388100.000000 -0.000000

442.000000 585402.000000 0.000000
442.000000 589812.000000 0.090909
442.000000 594833.000000 0.181818
442.000000 600702.000000 0.272727
442.000000 607805.000000 0.363636
442.000000 616818.000000 0.454545
442.000000 628956.000000 0.545455
442.000000 646435.000000 0.636364
442.000000 673108.000000 0.727273
442.000000 714612.000000 0.818182
442.000000 776342.000000 0.909091
442.000000 859884.000000 1.000000
442.000000 859884.000000 1.000000
442.000000 960790.000000 0.909091
442.000000 1065070.000000 0.818182
442.000000 1154170.000000 0.727273
442.000000 1220340.000000 0.636364
442.000000 1267150.000000 0.545455
442.000000 1300800.000000 0.454545
442.000000 1326070.000000 0.363636
442.000000 1345970.000000 0.272727
442.000000 1362280.000000 0.181818
442.000000 1376100.000000 0.090909
442.000000 1388100.000000 -0.000000

442.000000 18.067400 0.000000
442.000000 18.246600 0.090909
442.000000 18.456700 0.181818
442.000000 18.713000 0.272727
442.000000 19.037700 0.363636
442.000000 19.451500 0.454545
442.000000 19.943200 0.545455
442.000000 20.450200 0.636364
442.000000 20.917500 0.727273
442.000000 21.345700 0.818182
442.000000 21.763000 0.909091
442.000000 22.205300 1.000000
442.000000 22.205300 1.000000
442.000000 22.727800 0.909091
442.000000 23.456600 0.818182
442.000000 24.735500 0.727273
442.000000 27.554300 0.636364
442.000000 34.663000 0.545455
442.000000 52.729400 0.454545
442.000000 94.642900 0.363636
442.000000 179.729000 0.272727
442.000000 331.055000 0.181818
442.000000 571.971000 0.090909
442.000000 924.557000 -0.000000

498.000000 18.067400 0.000000
498.000000 18.246600 0.090909
498.000000 18.456700 0.181818
498.000000 18.713000 0.272727
498.000000 19.037700 0.363636
498.000000 19.451500 0.454545
498.000000 19.943200 0.545455
498.000000 20.450200 0.636364
498.000000 20.917500 0.727273
498.000000 21.345700 0.818182
498.000000 21.763000 0.909091
498.000000 22.205300 1.000000
498.000000 22.205300 1.000000
498.000000 22.727800 0.909091
498.000000 23.456600 0.818182
498.000000 24.735500 0.727273
498.000000 27.554300 0.636364
498.000000 34.663000 0.545455
498.000000 52.729400 0.454545
498.000000 94.642900 0.363636
498.000000 179.729000 0.272727
498.000000 331.055000 0.181818
498.000000 571.971000 0.090909
498.000000 924.557000 -0.000000

