559553.000000 0.000000
562266.000000 0.090909
565166.000000 0.181818
568297.000000 0.272727
571727.000000 0.363636
575559.000000 0.454545
579970.000000 0.545455
585291.000000 0.636364
592256.000000 0.727273
602984.000000 0.818182
627845.000000 0.909091
844345.000000 1.000000
844345.000000 1.000000
1225480.000000 0.909091
1298290.000000 0.818182
1330170.000000 0.727273
1350430.000000 0.636364
1365500.000000 0.545455
1377670.000000 0.454545
1388000.000000 0.363636
1397050.000000 0.272727
1405170.000000 0.181818
1412560.000000 0.090909
1419370.000000 -0.000000

