   3.8000000e+01   2.1000000e-02
   4.5000000e+01   3.6000000e-02
   5.2000000e+01   9.7000000e-02
   5.9000000e+01   1.0950000e-01
   6.6000000e+01   1.3900000e-01
   7.3000000e+01   1.4300000e-01
   8.0000000e+01   6.1500000e-02
   8.7000000e+01   5.0000000e-02
   9.4000000e+01   8.1000000e-02
   1.0100000e+02   8.8500000e-02
   1.0800000e+02   5.2500000e-02
   1.1500000e+02   2.5500000e-02
   1.2200000e+02   7.0000000e-03
   1.2900000e+02   1.4500000e-02
   1.3600000e+02   5.0000000e-03
   1.4300000e+02   5.0000000e-04
   1.5000000e+02   1.0000000e-02
   1.5700000e+02   3.0000000e-03
   1.6400000e+02   5.0000000e-04
   1.7100000e+02   2.0000000e-03
   1.7800000e+02   5.0000000e-04
   1.8500000e+02   5.0000000e-04
   1.9200000e+02   0.0000000e+00
   1.9900000e+02   5.0000000e-04
   2.0600000e+02   0.0000000e+00
   2.1300000e+02   0.0000000e+00
   2.2000000e+02   0.0000000e+00
   2.2700000e+02   0.0000000e+00
   2.3400000e+02   0.0000000e+00
   2.4100000e+02   0.0000000e+00
   2.4800000e+02   0.0000000e+00
   2.5500000e+02   0.0000000e+00
   2.6200000e+02   0.0000000e+00
   2.6900000e+02   0.0000000e+00
   2.7600000e+02   0.0000000e+00
   2.8300000e+02   0.0000000e+00
   2.9000000e+02   0.0000000e+00
   2.9700000e+02   1.0000000e-03
   3.0400000e+02   1.5000000e-03
   3.1100000e+02   5.0000000e-04
   3.1800000e+02   0.0000000e+00
   3.2500000e+02   5.0000000e-04
   3.3200000e+02   0.0000000e+00
   3.3900000e+02   5.0000000e-04
   3.4600000e+02   0.0000000e+00
   3.5300000e+02   0.0000000e+00
   3.6000000e+02   0.0000000e+00
   3.6700000e+02   0.0000000e+00
   3.7400000e+02   0.0000000e+00
   3.8100000e+02   1.3000000e-02
   3.8800000e+02   1.5000000e-02
   3.9500000e+02   4.0000000e-03
   4.0200000e+02   4.0000000e-03
   4.0900000e+02   3.0000000e-03
   4.1600000e+02   3.0000000e-03
   4.2300000e+02   1.5000000e-03
   4.3000000e+02   1.0000000e-03
   4.3700000e+02   1.0000000e-03
   4.4400000e+02   1.0000000e-03
   4.5100000e+02   0.0000000e+00
   4.5800000e+02   5.0000000e-04
   4.6500000e+02   5.0000000e-04
